Precursor m/z Averages at Different MS1Total (TIC) Quartiles Over Middle Elution Period
Run #, Q1 precursor m/z, Q2-Q1, Q3-Q1, Q4-Q1, Q1 TIC/1000, Q2/Q1, Q3/Q1, Q4/Q1
1	820.61	627.64	653.80	716.69	2534836	0.59	0.39	0.09	
2	710.35	642.36	625.30	703.14	1338686	0.49	0.30	0.20	
3	720.41	653.36	750.86	717.62	1350149	0.71	0.49	0.30	
4	642.36	759.73	750.86	716.69	1751143	0.61	0.48	0.26	
5	710.35	667.34	703.14	674.00	1370739	0.67	0.41	0.24	
6	642.36	756.43	829.71	562.74	1959577	0.66	0.37	0.26	
7	710.35	673.99	777.83	749.99	2459248	0.53	0.36	0.22	
8	627.65	756.43	682.35	749.99	1470081	0.74	0.44	0.32	

ID Charge Distributions At Different MS1max Quartiles For Charges 1-4
1	23.5,5.9,5.9,11.8 	7,5,5,8 	23.5,47.1,17.6,23.5 	11.8,17.6,41.2,11.8 	
2	6.7,6.7,6.7,6.7 	7,6,4,2 	40.0,33.3,46.7,46.7 	13.3,20.0,20.0,26.7 	
3	5.3,5.3,10.5,0.0 	7,6,8,3 	36.8,42.1,21.1,47.4 	21.1,21.1,26.3,26.3 	
4	5.3,15.8,5.3,5.3 	8,6,6,6 	36.8,31.6,36.8,31.6 	15.8,21.1,26.3,15.8 	
5	13.3,0.0,20.0,6.7 	7,4,2,5 	40.0,26.7,33.3,40.0 	6.7,46.7,26.7,20.0 	
6	10.0,10.0,0.0,10.0 	8,7,6,6 	35.0,35.0,40.0,30.0 	15.0,20.0,25.0,20.0 	
7	15.8,5.3,5.3,5.3 	6,7,5,8 	36.8,36.8,31.6,21.1 	10.5,21.1,36.8,21.1 	
8	16.7,5.6,5.6,5.6 	6,6,6,8 	50.0,33.3,38.9,22.2 	5.6,27.8,27.8,16.7 	

Precursor m/z Averages and Differences from 1st Quartile (Largest) of Different MS1Total (TIC) Quartiles Over Full Elution Period
Run #, Q1 precursor m/z, Q2-Q1, Q3-Q1, Q4-Q1, Q1 TIC/1000, Q2/Q1, Q3/Q1, Q4/Q1
1	751.81	674.00	831.43	575.74	2522777	0.62	0.35	0.09	rt=513.9	750.9	703.1	831.4	ch=2.76	2.50	2.82	2.65	len=12.71	15.18	16.29	17.24	tic/1000=1156423	2069771	680872	1526481	
2	756.43	625.31	637.30	634.63	1362602	0.51	0.32	0.14	rt=522.6	653.4	636.6	767.7	ch=2.94	2.65	2.94	2.80	len=13.26	15.10	16.58	17.23	tic/1000=370905	988147	301537	1063277	
3	827.88	653.36	717.62	525.29	1564159	0.63	0.35	0.13	rt=501.3	710.4	717.6	831.4	ch=3.03	2.71	3.03	2.87	len=13.00	16.26	17.87	18.84	tic/1000=408574	1154190	486094	1306344	
4	784.37	673.99	682.35	636.65	1983611	0.57	0.35	0.13	rt=597.3	653.4	750.0	767.7	ch=2.84	2.62	2.84	2.76	len=13.34	15.70	16.82	17.86	tic/1000=769561	1402912	585720	1266633	
5	784.38	649.93	733.71	562.74	1624642	0.57	0.32	0.09	rt=511.6	667.3	703.1	847.0	ch=2.90	2.84	2.77	2.80	len=12.90	16.39	16.42	19.07	tic/1000=467752	1089959	446508	1212080	
6	720.41	717.62	708.35	597.17	1987825	0.65	0.37	0.14	rt=552.9	720.4	674.0	784.4	ch=2.88	2.60	2.92	2.85	len=13.35	15.78	16.50	18.69	tic/1000=743128	1592542	659976	1351476	
7	759.73	653.36	751.81	597.31	2428585	0.54	0.36	0.05	rt=605.6	674.0	750.9	767.7	ch=2.76	2.66	2.82	2.68	len=13.55	15.18	17.32	17.51	tic/1000=555094	1762968	747875	1660709	
8	722.82	653.36	717.62	667.34	1624344	0.72	0.41	0.14	rt=605.6	710.4	716.7	740.4	ch=2.92	2.62	2.84	2.73	len=13.84	15.49	17.08	17.68	tic/1000=623602	1287954	548285	1301810	

ID Charge Distributions At Different MS1max Quartiles For Charges 1-4
1	20.6,8.8,2.9,5.9 	13,9,13,15 	23.5,41.2,26.5,35.3 	14.7,23.5,29.4,11.8 	
2	16.1,6.5,3.2,3.2 	9,11,8,10 	35.5,35.5,38.7,35.5 	16.1,22.6,29.0,19.4 	
3	5.3,10.5,2.6,0.0 	10,14,14,10 	52.6,28.9,26.3,39.5 	18.4,23.7,28.9,23.7 	
4	10.8,13.5,5.4,2.7 	13,12,13,12 	37.8,35.1,29.7,37.8 	18.9,18.9,32.4,18.9 	
5	19.4,0.0,9.7,3.2 	9,9,6,12 	32.3,32.3,41.9,38.7 	16.1,35.5,25.8,16.1 	
6	10.0,7.5,2.5,2.5 	13,14,11,16 	35.0,40.0,30.0,37.5 	20.0,17.5,37.5,15.0 	
7	23.7,5.3,2.6,2.6 	11,10,13,19 	34.2,36.8,31.6,26.3 	10.5,31.6,28.9,18.4 	
8	18.9,0.0,8.1,2.7 	12,11,11,17 	32.4,40.5,29.7,32.4 	16.2,27.0,29.7,13.5 	

Number of Compounds in Common
	1	2	3	4	5	6	7	8	
1	-	58	68	71	61	71	69	70	
2	58	-	63	65	64	64	64	64	
3	68	63	-	75	65	77	75	78	
4	71	65	75	-	66	78	76	76	
5	61	64	65	66	-	66	66	67	
6	71	64	77	78	66	-	79	81	
7	69	64	75	76	66	79	-	80	
8	70	64	78	76	67	81	80	-	

Fraction of Overlapping Compounds - relative to first index
	1	2	3	4	5	6	7	8	
1	-	0.78	0.92	0.96	0.82	0.96	0.93	0.95	
2	0.82	-	0.89	0.92	0.90	0.90	0.90	0.90	
3	0.85	0.79	-	0.94	0.81	0.96	0.94	0.97	
4	0.87	0.79	0.91	-	0.80	0.95	0.93	0.93	
5	0.86	0.90	0.92	0.93	-	0.93	0.93	0.94	
6	0.83	0.74	0.90	0.91	0.77	-	0.92	0.94	
7	0.81	0.75	0.88	0.89	0.78	0.93	-	0.94	
8	0.83	0.76	0.93	0.90	0.80	0.96	0.95	-	

Fraction of Overlapping Compounds - relative to second index
	1	2	3	4	5	6	7	8	
1	-	0.82	0.85	0.87	0.86	0.83	0.81	0.83	
2	0.78	-	0.79	0.79	0.90	0.74	0.75	0.76	
3	0.92	0.89	-	0.91	0.92	0.90	0.88	0.93	
4	0.96	0.92	0.94	-	0.93	0.91	0.89	0.90	
5	0.82	0.90	0.81	0.80	-	0.77	0.78	0.80	
6	0.96	0.90	0.96	0.95	0.93	-	0.93	0.96	
7	0.93	0.90	0.94	0.93	0.93	0.92	-	0.95	
8	0.95	0.90	0.97	0.93	0.94	0.94	0.94	-	

Median Retention Rank Differences for Compounds in Common (Percent)
	1	2	3	4	5	6	7	8	
1	-	1.552	1.103	1.408	1.434	1.149	1.001	1.617	
2	1.509	-	1.825	1.538	1.219	1.953	1.823	2.103	
3	1.576	2.721	-	0.805	0.721	0.812	0.596	0.577	
4	1.500	2.615	1.071	-	0.818	1.107	0.702	1.063	
5	1.532	1.608	0.903	0.830	-	0.833	0.518	0.970	
6	1.446	2.770	1.010	0.753	0.712	-	0.600	1.041	
7	1.335	2.604	1.148	1.012	0.909	0.540	-	0.804	
8	1.514	3.065	1.036	0.778	0.746	0.617	0.412	-	

Avg	1.32	1.71	1.12	1.27	1.03	1.19	1.19	1.17

Average Retention Rank Differences for Compounds in Common (Percent)
	1	2	3	4	5	6	7	8	
1	-	2.319	2.552	2.341	2.526	2.380	2.352	2.939	
2	2.616	-	4.031	3.692	2.197	3.955	3.613	4.346	
3	2.725	4.434	-	1.529	1.562	1.316	1.067	1.315	
4	2.539	4.497	1.600	-	1.240	1.578	1.212	1.766	
5	2.741	2.539	1.751	1.423	-	1.515	1.194	1.827	
6	2.777	4.541	1.484	1.414	1.377	-	0.897	1.555	
7	2.689	4.150	1.707	1.731	1.699	1.122	-	1.344	
8	2.939	4.688	1.578	1.593	1.559	1.128	0.750	-	

Avg	2.49	3.49	1.99	2.06	1.86	2.01	2.06	2.03

Number of Matching Identified Ions Between Runs
	1	2	3	4	5	6	7	8	
1	136	94	116	121	97	119	114	111
2	94	123	109	108	105	108	105	101
3	116	109	153	133	106	141	132	132
4	121	108	133	150	110	139	135	130
5	97	105	106	110	123	112	110	108
6	119	108	141	139	112	159	135	137
7	114	105	132	135	110	135	151	137
8	111	101	132	130	108	137	137	148

Relative Deviations in MS1 Max For Matching Identified Ions Between Runs
	1	2	3	4	5	6	7	8	
1	-	2.17	1.99	1.53	2.38	1.97	1.75	1.88
2	2.16	-	2.17	1.96	1.38	2.07	1.90	1.88
3	1.99	2.17	-	1.35	2.26	1.41	1.50	1.51
4	1.53	1.95	1.35	-	2.31	1.50	1.51	1.52
5	2.38	1.38	2.26	2.31	-	1.98	1.85	1.86
6	1.97	2.07	1.41	1.50	1.98	-	1.49	1.52
7	1.74	1.90	1.47	1.51	1.85	1.49	-	1.44
8	1.88	1.88	1.50	1.52	1.87	1.52	1.44	-

Avg	1.95	1.93	1.74	1.67	2.01	1.71	1.63	1.66

Relative Uncorrected Deviations in MS1 Max For Matching Identified Ions Between Runs
	1	2	3	4	5	6	7	8	
1	-	0.00	0.00	0.00	0.00	0.00	0.00	0.00
2	0.00	-	0.00	0.00	0.00	0.00	0.00	0.00
3	0.00	0.00	-	0.00	0.00	0.00	0.00	0.00
4	0.00	0.00	0.00	-	0.00	0.00	0.00	0.00
5	0.00	0.00	0.00	0.00	-	0.00	0.00	0.00
6	0.00	0.00	0.00	0.00	0.00	-	0.00	0.00
7	0.00	0.00	0.00	0.00	0.00	0.00	-	0.00
8	0.00	0.00	0.00	0.00	0.00	0.00	0.00	-

Avg	0.00	0.00	0.00	0.00	0.00	0.00	0.00	0.00

Relative Corrected Deviations in MS1 Max For Matching Identified Ions Between Runs
	1	2	3	4	5	6	7	8	
1	-	0.00	0.00	0.00	0.00	0.00	0.00	0.00
2	0.00	-	0.00	0.00	0.00	0.00	0.00	0.00
3	0.00	0.00	-	0.00	0.00	0.00	0.00	0.00
4	0.00	0.00	0.00	-	0.00	0.00	0.00	0.00
5	0.00	0.00	0.00	0.00	-	0.00	0.00	0.00
6	0.00	0.00	0.00	0.00	0.00	-	0.00	0.00
7	0.00	0.00	0.00	0.00	0.00	0.00	-	0.00
8	0.00	0.00	0.00	0.00	0.00	0.00	0.00	-

Avg	0.00	0.00	0.00	0.00	0.00	0.00	0.00	0.00

Relative RT Trends in MS1 Max For Matching Identified Ions Between Runs
	1	2	3	4	5	6	7	8	
1	-	0.00	0.00	0.00	0.00	0.00	0.00	0.00
2	0.00	-	0.00	0.00	0.00	0.00	0.00	0.00
3	0.00	0.00	-	0.00	0.00	0.00	0.00	0.00
4	0.00	0.00	0.00	-	0.00	0.00	0.00	0.00
5	0.00	0.00	0.00	0.00	-	0.00	0.00	0.00
6	0.00	0.00	0.00	0.00	0.00	-	0.00	0.00
7	0.00	0.00	0.00	0.00	0.00	0.00	-	0.00
8	0.00	0.00	0.00	0.00	0.00	0.00	0.00	-

Avg	0.00	0.00	0.00	0.00	0.00	0.00	0.00	0.00

Relative RT Trends / Corrected Deviations of MS1 Max For Matching Identified Ions Between Runs
	1	2	3	4	5	6	7	8	
1	-	1.00	1.00	1.00	1.00	1.00	1.00	1.00
2	1.00	-	1.00	1.00	1.00	1.00	1.00	1.00
3	1.00	1.00	-	1.00	1.00	1.00	1.00	1.00
4	1.00	1.00	1.00	-	1.00	1.00	1.00	1.00
5	1.00	1.00	1.00	1.00	-	1.00	1.00	1.00
6	1.00	1.00	1.00	1.00	1.00	-	1.00	1.00
7	1.00	1.00	1.00	1.00	1.00	1.00	-	1.00
8	1.00	1.00	1.00	1.00	1.00	1.00	1.00	-

Avg	1.00	1.00	1.00	1.00	1.00	1.00	1.00	1.00

Median Relative Intensities in MS1 Max For Matching Identified Ions Between Runs
	1	2	3	4	5	6	7	8	
1	-	3.57	1.55	0.99	2.51	0.95	1.04	1.04
2	0.29	-	0.57	0.39	0.85	0.39	0.29	0.42
3	0.65	1.74	-	0.77	1.31	0.72	0.61	0.86
4	1.01	2.56	1.30	-	1.96	0.91	0.77	1.00
5	0.40	1.18	0.77	0.52	-	0.46	0.40	0.62
6	1.05	2.60	1.39	1.10	2.26	-	0.87	1.17
7	0.98	3.42	1.68	1.30	2.53	1.15	-	1.25
8	0.97	2.37	1.17	1.00	1.63	0.85	0.80	-

Number of Matching Doubly Charged Identified Ions Between Runs
	1	2	3	4	5	6	7	8	
1	-	32	41	44	32	43	40	41
2	32	-	34	33	33	34	31	32
3	41	34	-	42	33	46	44	46
4	44	33	42	-	34	45	44	43
5	32	33	33	34	-	34	33	33
6	43	34	46	45	34	-	46	47
7	40	31	44	44	33	46	-	48
8	41	32	46	43	33	47	48	-

Relative Deviations in MS1 Max For Doubly Charged Matching Identified Ions Between Runs
	1	2	3	4	5	6	7	8	
1	-	1.98	1.73	1.52	2.40	1.88	1.63	1.77
2	1.94	-	1.94	1.82	1.35	2.02	1.83	1.74
3	1.73	1.94	-	1.38	1.76	1.34	1.43	1.53
4	1.54	1.82	1.38	-	2.21	1.38	1.48	1.58
5	2.35	1.35	1.76	2.20	-	1.81	1.42	1.71
6	1.88	2.02	1.34	1.38	1.83	-	1.48	1.68
7	1.64	1.83	1.44	1.51	1.42	1.48	-	1.29
8	1.77	1.92	1.53	1.58	1.71	1.68	1.35	-

Number of Matching Triply Charged Identified Ions Between Runs
	1	2	3	4	5	6	7	8	
1	-	32	40	40	33	40	38	35
2	32	-	39	41	39	40	38	37
3	40	39	-	50	39	52	47	46
4	40	41	50	-	40	50	47	45
5	33	39	39	40	-	41	39	39
6	40	40	52	50	41	-	46	47
7	38	38	47	47	39	46	-	45
8	35	37	46	45	39	47	45	-

Relative Deviations in MS1 Max For Triply Charged Matching Identified Ions Between Runs
	1	2	3	4	5	6	7	8	
1	-	2.42	2.13	1.31	2.15	1.88	2.05	2.03
2	2.35	-	2.26	2.08	1.38	2.03	1.68	1.94
3	2.05	2.26	-	1.36	2.13	1.44	1.58	1.45
4	1.31	2.08	1.36	-	1.99	1.55	1.58	1.59
5	2.15	1.38	2.13	2.10	-	2.06	1.95	2.03
6	1.95	2.03	1.45	1.55	2.06	-	1.39	1.49
7	2.05	1.68	1.58	1.58	1.95	1.38	-	1.61
8	2.03	1.94	1.45	1.59	2.03	1.49	1.61	-

Relative 2 * Deviations in MS1 Max For Matching Identified Ions Between Runs
	1	2	3	4	5	6	7	8	
1	-	3.68	2.56	2.39	4.08	3.09	2.63	2.70
2	3.65	-	3.23	3.29	1.89	2.98	3.06	3.11
3	2.56	3.23	-	1.77	3.39	2.06	2.17	2.20
4	2.39	3.30	1.77	-	3.60	1.95	2.05	2.27
5	4.08	1.89	3.39	3.60	-	3.04	2.69	3.14
6	3.09	2.98	2.06	1.95	2.86	-	2.19	2.28
7	2.62	3.06	2.17	2.05	2.69	2.19	-	2.03
8	2.70	3.11	2.20	2.27	3.14	2.28	2.03	-

Relative Deviations in MS1 Max at Different RT Quartiles For Matching Identified Ions Between Runs - Single Table
	1	2	3	4	5	6	7	8	
1	0.00,0.00 0.00 0.00 	2.33,0.67 0.97 0.92 	1.57,1.16 1.45 1.07 	1.60,0.92 1.37 1.08 	2.03,1.03 1.27 1.06 	1.89,0.98 1.23 0.86 	1.44,1.11 1.42 1.10 	1.72,1.09 1.10 0.85 
2	1.63,1.13 1.83 1.20 	0.00,0.00 0.00 0.00 	2.04,1.01 1.04 0.86 	1.70,1.23 1.05 1.28 	1.25,1.12 1.11 1.57 	2.36,0.82 0.88 0.85 	1.71,1.25 1.21 0.87 	2.06,1.17 1.00 1.04 
3	1.88,1.10 1.11 0.85 	1.98,1.05 1.48 0.95 	0.00,0.00 0.00 0.00 	1.39,0.96 0.93 1.13 	1.91,0.95 1.24 0.82 	1.33,0.95 1.17 1.13 	1.46,1.02 0.96 1.87 	1.48,1.02 1.13 0.97 
4	1.38,1.15 1.23 1.29 	1.82,1.10 1.12 1.10 	1.34,0.96 1.06 1.02 	0.00,0.00 0.00 0.00 	2.61,0.80 0.93 0.86 	1.42,1.06 1.08 1.00 	1.53,0.99 0.94 1.12 	1.56,0.83 1.08 1.02 
5	1.76,1.39 1.62 1.29 	1.35,1.09 1.02 1.22 	1.90,1.16 1.06 1.07 	1.61,1.42 1.61 1.36 	0.00,0.00 0.00 0.00 	2.09,0.92 1.04 0.85 	1.95,1.12 1.08 0.93 	2.11,0.79 0.86 0.94 
6	2.11,0.98 0.95 1.08 	2.14,0.99 0.96 0.93 	1.32,1.01 1.21 1.19 	1.56,0.90 0.94 1.05 	1.77,1.05 1.10 0.99 	0.00,0.00 0.00 0.00 	1.36,1.28 1.24 1.13 	1.42,1.02 1.18 1.33 
7	1.53,1.13 1.36 1.22 	1.79,1.02 1.35 0.96 	1.49,1.02 0.93 1.25 	1.57,0.93 0.93 1.10 	1.87,0.92 1.20 0.77 	1.53,1.08 0.89 0.91 	0.00,0.00 0.00 0.00 	1.24,1.14 1.63 1.22 
8	1.79,1.02 0.91 1.11 	1.91,1.11 1.01 0.91 	1.48,1.03 1.15 1.05 	1.85,0.69 0.87 0.79 	1.80,1.07 1.13 0.89 	1.33,1.13 1.24 1.28 	1.26,1.12 1.26 1.32 	0.00,0.00 0.00 0.00 

Relative Deviations in MS1 Max at 1 RT Quartile For Matching Identified Ions Between Runs
	1	2	3	4	5	6	7	8	
1	0.00 	2.33 	1.57 	1.60 	2.03 	1.89 	1.44 	1.72 
2	1.63 	0.00 	2.04 	1.70 	1.25 	2.36 	1.71 	2.06 
3	1.88 	1.98 	0.00 	1.39 	1.91 	1.33 	1.46 	1.48 
4	1.38 	1.82 	1.34 	0.00 	2.61 	1.42 	1.53 	1.56 
5	1.76 	1.35 	1.90 	1.61 	0.00 	2.09 	1.95 	2.11 
6	2.11 	2.14 	1.32 	1.56 	1.77 	0.00 	1.36 	1.42 
7	1.53 	1.79 	1.49 	1.57 	1.87 	1.53 	0.00 	1.24 
8	1.79 	1.91 	1.48 	1.85 	1.80 	1.33 	1.26 	0.00 

Relative Deviations in MS1 Max at 2 RT Quartile For Matching Identified Ions Between Runs
	1	2	3	4	5	6	7	8	
1	0.00 	1.57 	1.82 	1.47 	2.09 	1.86 	1.60 	1.87 
2	1.83 	0.00 	2.05 	2.10 	1.40 	1.92 	2.13 	2.42 
3	2.07 	2.07 	0.00 	1.33 	1.82 	1.26 	1.49 	1.51 
4	1.59 	2.00 	1.29 	0.00 	2.09 	1.51 	1.52 	1.30 
5	2.44 	1.47 	2.20 	2.28 	0.00 	1.92 	2.19 	1.65 
6	2.07 	2.11 	1.33 	1.40 	1.86 	0.00 	1.75 	1.45 
7	1.72 	1.82 	1.52 	1.46 	1.71 	1.65 	0.00 	1.42 
8	1.83 	2.12 	1.52 	1.28 	1.93 	1.50 	1.40 	0.00 

Relative Deviations in MS1 Max at 3 RT Quartile For Matching Identified Ions Between Runs
	1	2	3	4	5	6	7	8	
1	0.00 	2.27 	2.27 	2.20 	2.58 	2.32 	2.05 	1.89 
2	2.97 	0.00 	2.12 	1.78 	1.39 	2.07 	2.07 	2.05 
3	2.09 	2.92 	0.00 	1.29 	2.38 	1.56 	1.40 	1.67 
4	1.69 	2.03 	1.42 	0.00 	2.43 	1.54 	1.44 	1.68 
5	2.85 	1.38 	2.02 	2.59 	0.00 	2.18 	2.11 	1.81 
6	2.00 	2.06 	1.59 	1.46 	1.95 	0.00 	1.69 	1.68 
7	2.08 	2.41 	1.38 	1.45 	2.24 	1.36 	0.00 	2.02 
8	1.62 	1.94 	1.71 	1.60 	2.04 	1.65 	1.59 	0.00 

Relative Deviations in MS1 Max at 4 RT Quartile For Matching Identified Ions Between Runs
	1	2	3	4	5	6	7	8	
1	0.00 	2.15 	1.68 	1.73 	2.16 	1.61 	1.59 	1.45 
2	1.95 	0.00 	1.75 	2.18 	1.97 	2.01 	1.48 	2.15 
3	1.60 	1.88 	0.00 	1.57 	1.56 	1.51 	2.72 	1.43 
4	1.78 	2.01 	1.36 	0.00 	2.24 	1.43 	1.72 	1.59 
5	2.26 	1.65 	2.02 	2.18 	0.00 	1.77 	1.81 	1.98 
6	2.27 	2.00 	1.57 	1.63 	1.76 	0.00 	1.54 	1.89 
7	1.86 	1.72 	1.86 	1.72 	1.44 	1.39 	0.00 	1.51 
8	2.00 	1.75 	1.55 	1.46 	1.61 	1.71 	1.65 	0.00 

Number of Excess Early Eluting Identified Species
	1	2	3	4	5	6	7	8	
1	0.0000	0.0388	0.0196	0.0214	0.0118	0.0151	0.0205	0.0351
2	-0.0388	0.0000	-0.0296	-0.0271	-0.0282	-0.0526	-0.0567	-0.0324
3	-0.0196	0.0296	0.0000	0.0024	-0.0095	-0.0206	-0.0199	0.0161
4	-0.0214	0.0271	-0.0024	0.0000	-0.0113	-0.0099	-0.0214	0.0139
5	-0.0118	0.0282	0.0095	0.0113	0.0000	-0.0159	-0.0119	0.0250
6	-0.0151	0.0526	0.0206	0.0099	0.0159	0.0000	0.0228	0.0224
7	-0.0205	0.0567	0.0199	0.0214	0.0119	-0.0228	0.0000	0.0347
8	-0.0351	0.0324	-0.0161	-0.0139	-0.0250	-0.0224	-0.0347	0.0000

Number of Excess Late Eluting Identified Species
	1	2	3	4	5	6	7	8	
1	0.0000	-0.0592	-0.0470	-0.0287	-0.0316	-0.0176	-0.0300	-0.0206
2	0.0592	0.0000	-0.0171	0.0254	0.0282	0.0288	0.0139	0.0272
3	0.0470	0.0171	0.0000	0.0262	0.0202	0.0186	0.0154	0.0167
4	0.0287	-0.0254	-0.0262	0.0000	-0.0216	-0.0094	-0.0105	-0.0110
5	0.0316	-0.0282	-0.0202	0.0216	0.0000	0.0172	-0.0048	0.0153
6	0.0176	-0.0288	-0.0186	0.0094	-0.0172	0.0000	-0.0127	-0.0022
7	0.0300	-0.0139	-0.0154	0.0105	0.0048	0.0127	0.0000	0.0111
8	0.0206	-0.0272	-0.0167	0.0110	-0.0153	0.0022	-0.0111	0.0000

Peak widths at half max at RT deciles
Decile	1	2	3	4	5	6	7	8	9	10	
Run 1	0.17	0.14	0.14	0.16	0.28	0.16	0.23	0.24	0.15	0.17	
Run 2	0.16	0.17	0.17	0.22	0.16	0.17	0.16	0.21	0.17	0.15	
Run 3	0.19	0.14	0.15	0.18	0.17	0.20	0.18	0.16	0.16	0.16	
Run 4	0.17	0.14	0.15	0.14	0.19	0.17	0.19	0.18	0.15	0.16	
Run 5	0.14	0.16	0.15	0.23	0.17	0.18	0.17	0.14	0.16	0.15	
Run 6	0.12	0.15	0.14	0.14	0.19	0.19	0.18	0.18	0.15	0.16	
Run 7	0.17	0.15	0.16	0.14	0.19	0.16	0.17	0.19	0.16	0.17	
Run 8	0.14	0.14	0.16	0.16	0.19	0.18	0.18	0.20	0.15	0.16	

RT peptide deciles
1	13.4	14.3	15.4	16.0	17.1	17.8	19.6	21.8	23.3	25.6	
2	12.9	14.2	15.2	16.8	18.5	19.5	20.9	22.4	23.8	37.8	
3	12.4	14.0	15.1	16.1	17.2	18.5	20.1	21.6	23.7	27.9	
4	12.6	13.9	14.6	15.3	16.8	18.5	19.9	21.3	23.2	25.2	
5	12.5	14.3	15.2	16.4	17.6	19.0	20.3	21.6	23.4	25.6	
6	12.4	13.6	14.6	15.3	16.7	17.6	19.3	21.4	22.7	25.1	
7	12.4	13.6	14.8	15.6	16.6	18.5	19.8	21.5	22.8	25.2	
8	12.8	13.9	15.0	16.0	17.3	18.6	19.5	21.4	22.7	25.1	

Oversampling vs RT
1	0.45	0.63	0.98	0.79	1.00	0.69	1.18	1.47	0.96	1.85	
2	0.68	0.76	0.66	1.23	0.93	1.04	1.23	0.97	1.23	1.27	
3	0.67	0.89	0.82	0.98	0.74	0.78	1.03	1.22	1.38	1.49	
4	0.72	0.61	0.76	0.61	1.10	0.97	1.02	1.10	1.26	1.86	
5	0.76	0.98	0.70	1.04	0.87	0.89	1.04	0.83	0.85	2.04	
6	0.82	0.62	0.79	0.71	1.04	0.71	1.00	1.30	0.71	2.31	
7	0.66	0.68	0.84	0.71	0.73	1.13	1.04	1.07	0.63	2.51	
8	0.54	0.70	1.10	0.94	0.90	0.94	0.77	1.24	0.79	2.09	

Retention Time Decile Intervals
1	13.57	1.17	0.82	0.94	1.13	1.14	1.94	2.21	2.29	
2	12.94	1.48	1.45	1.52	1.50	1.41	1.81	1.74	0.00	
3	12.44	1.78	1.04	2.42	0.39	1.36	2.17	1.87	0.00	
4	13.00	0.92	0.97	1.15	1.33	1.97	1.67	2.93	1.23	
5	12.55	1.99	1.16	1.54	1.50	1.59	1.29	3.95	0.00	
6	12.55	1.57	0.65	1.88	0.17	1.74	2.31	1.10	1.85	
7	12.40	1.22	1.38	0.99	1.22	1.52	1.66	1.81	2.42	
8	12.83	1.28	1.10	1.09	1.25	1.35	1.46	1.71	2.57	

Matching Low:High RT Peptide Ions
Run	1	2	3	4	5	6	7	8	
1	0.00:0.00	1.08:0.33	0.97:0.16	0.94:0.03	1.04:0.22	1.03:0.00	0.97:0.06	1.00:0.12	
2	1.08:0.33	0.00:0.00	1.11:0.22	1.23:0.27	0.94:0.06	1.29:0.38	1.19:0.27	1.11:0.18	
3	0.97:0.16	1.11:0.22	0.00:0.00	0.97:0.11	1.07:0.10	1.06:0.14	1.00:0.14	0.97:0.03	
4	0.94:0.03	1.23:0.27	0.97:0.11	0.00:0.00	1.14:0.14	1.03:0.03	1.03:0.03	0.97:0.08	
5	1.04:0.22	0.94:0.06	1.07:0.10	1.14:0.14	0.00:0.00	1.22:0.22	1.14:0.14	1.10:0.06	
6	1.03:0.00	1.29:0.38	1.06:0.14	1.03:0.03	1.22:0.22	0.00:0.00	1.03:0.05	1.03:0.11	
7	0.97:0.06	1.19:0.27	1.00:0.14	1.03:0.03	1.14:0.14	1.03:0.05	0.00:0.00	1.00:0.11	
8	1.00:0.12	1.11:0.18	0.97:0.03	0.97:0.08	1.10:0.06	1.03:0.11	1.00:0.11	0.00:0.00	

RT Median Differences for Matching Peptides
Run	1	2	3	4	5	6	7	8	
Median
1	0.00	0.59	0.59	0.65	0.46	0.55	0.55	0.52	
2	-0.59	0.00	0.03	0.07	-0.12	0.02	-0.08	-0.06	
3	-0.59	-0.03	0.00	0.04	-0.14	-0.02	-0.09	-0.06	
4	-0.65	-0.07	-0.04	0.00	-0.13	-0.06	-0.14	-0.09	
5	-0.46	0.12	0.14	0.13	0.00	0.10	0.02	0.07	
6	-0.55	-0.02	0.02	0.06	-0.10	0.00	-0.09	-0.04	
7	-0.55	0.08	0.09	0.14	-0.02	0.09	0.00	0.04	
8	-0.52	0.06	0.06	0.09	-0.07	0.04	-0.04	0.00	

Median Dev
1	0.0	0.1	0.2	0.1	0.2	0.1	0.1	0.0	
2	-0.3	0.0	0.0	0.0	0.0	0.0	0.0	0.0	
3	-0.3	-0.1	0.0	-0.0	0.0	-0.0	-0.0	-0.0	
4	-0.3	-0.1	-0.1	0.0	-0.0	0.0	0.0	0.0	
5	-0.4	-0.1	-0.1	-0.1	0.0	-0.0	0.0	-0.0	
6	-0.3	-0.1	-0.1	-0.1	-0.1	0.0	0.0	-0.0	
7	-0.3	-0.1	-0.1	-0.1	-0.1	-0.0	0.0	-0.0	
8	-0.3	-0.1	-0.1	-0.1	-0.1	-0.0	-0.0	0.0	

Median Skew
1	0.0	0.5	0.6	0.6	0.7	0.6	0.6	0.6	
2	-0.1	0.0	0.1	0.2	0.2	0.2	0.2	0.2	
3	-0.3	-0.0	0.0	0.1	0.2	0.1	0.1	0.1	
4	-0.1	-0.0	0.0	0.0	0.2	0.1	0.1	0.1	
5	-0.3	-0.1	-0.0	0.0	0.0	0.1	0.1	0.1	
6	-0.2	-0.0	0.0	-0.0	0.0	0.0	0.1	0.1	
7	-0.1	-0.1	0.0	-0.0	-0.0	-0.0	0.0	0.1	
8	-0.1	-0.1	0.0	-0.0	0.0	0.0	0.0	0.0	

Fraction of 1 RT Decile Peps In Common
1	0.00	0.69	0.88	0.99	0.98	0.99	1.01	0.86		0.91
2	1.21	0.00	1.11	1.08	1.25	1.09	1.25	1.09		1.15
3	1.03	0.79	0.00	1.07	1.08	1.04	1.07	1.03		1.01
4	1.13	0.77	1.07	0.00	1.06	1.15	1.05	1.05		1.04
5	1.15	0.94	1.08	1.06	0.00	1.06	1.21	1.04		1.08
6	0.99	0.63	0.91	1.03	0.91	0.00	0.89	0.86		0.89
7	0.87	0.63	0.80	0.79	0.91	0.76	0.00	0.75		0.79
8	1.00	0.78	1.03	1.05	1.04	1.11	1.13	0.00		1.02
Avg	1.05	0.75	0.98	1.01	1.03	1.03	1.09	0.96	

Fraction of 2 RT Decile Peps In Common
1	0.00	0.86	1.03	1.13	0.82	0.99	1.01	1.00		0.98
2	1.03	0.00	0.95	1.08	1.09	0.94	0.94	0.94		1.00
3	1.32	1.11	0.00	1.20	1.08	1.17	1.20	1.15		1.18
4	1.27	0.92	1.07	0.00	0.91	1.03	1.05	1.05		1.04
5	1.15	1.25	1.08	1.21	0.00	1.06	1.06	1.04		1.12
6	0.99	0.78	0.91	0.90	0.76	0.00	1.14	1.11		0.94
7	1.16	0.94	1.07	1.05	0.91	1.14	0.00	1.13		1.06
8	1.14	0.94	1.03	1.05	0.90	1.11	1.13	0.00		1.04
Avg	1.15	0.97	1.02	1.09	0.92	1.06	1.08	1.06	

Fraction of 3 RT Decile Peps In Common
1	0.00	1.03	1.18	1.13	0.98	1.13	1.16	1.14		1.11
2	1.38	0.00	1.27	1.23	1.25	1.25	1.25	1.25		1.27
3	1.03	0.95	0.00	1.20	0.77	1.17	1.20	1.15		1.07
4	0.85	1.08	1.07	0.00	0.91	1.03	1.05	1.05		1.00
5	1.31	1.25	1.23	1.21	0.00	1.21	1.21	1.19		1.23
6	0.85	0.78	0.91	0.90	0.76	0.00	0.89	0.86		0.85
7	1.01	0.94	1.07	1.05	0.91	1.14	0.00	1.13		1.03
8	1.00	0.94	1.15	1.18	0.75	1.11	1.13	0.00		1.04
Avg	1.06	1.00	1.12	1.13	0.90	1.15	1.13	1.11	

Fraction of 4 RT Decile Peps In Common
1	0.00	1.03	1.03	1.13	0.98	1.13	1.16	1.00		1.07
2	1.38	0.00	1.27	1.08	1.25	1.25	1.09	1.25		1.22
3	1.32	1.11	0.00	1.20	1.23	1.17	1.20	1.15		1.20
4	1.27	0.92	1.07	0.00	0.91	1.15	1.18	1.05		1.08
5	1.31	1.09	1.23	1.21	0.00	1.21	1.21	1.19		1.21
6	1.13	0.94	1.04	1.15	0.76	0.00	1.14	0.99		1.02
7	1.16	0.94	1.07	1.18	0.76	1.14	0.00	1.00		1.03
8	1.29	1.09	1.15	1.18	1.19	1.11	1.13	0.00		1.16
Avg	1.26	1.02	1.12	1.16	1.01	1.17	1.16	1.09	

Fraction of 5 RT Decile Peps In Common
1	0.00	1.03	1.18	0.99	1.15	1.13	1.01	1.14		1.09
2	1.38	0.00	1.11	1.23	1.25	1.25	1.25	1.25		1.25
3	1.32	1.11	0.00	1.07	1.08	1.17	0.93	1.15		1.12
4	1.27	1.08	1.20	0.00	1.21	1.15	1.18	1.18		1.18
5	1.31	1.25	1.08	1.06	0.00	1.21	1.06	1.19		1.17
6	1.13	0.94	1.04	1.03	1.06	0.00	1.14	1.11		1.06
7	1.30	1.09	1.20	1.18	1.21	1.14	0.00	1.13		1.18
8	1.29	1.09	1.03	0.92	1.04	0.99	0.88	0.00		1.03
Avg	1.29	1.09	1.12	1.07	1.14	1.15	1.07	1.17	

Fraction of 6 RT Decile Peps In Common
1	0.00	1.03	1.03	0.99	0.98	0.99	0.87	1.14		1.00
2	1.21	0.00	1.11	1.08	1.25	1.09	1.09	1.09		1.13
3	1.03	1.27	0.00	1.07	1.23	1.04	1.07	1.15		1.12
4	1.27	1.23	1.07	0.00	1.21	1.15	1.05	1.18		1.17
5	1.15	1.25	1.23	1.21	0.00	1.21	1.06	1.19		1.19
6	1.27	1.25	1.17	1.03	1.21	0.00	0.89	1.11		1.13
7	1.01	1.09	1.07	0.92	1.06	1.01	0.00	1.13		1.04
8	1.00	0.94	0.90	0.92	0.90	0.99	1.00	0.00		0.95
Avg	1.13	1.15	1.08	1.03	1.12	1.07	1.00	1.14	

Fraction of 7 RT Decile Peps In Common
1	0.00	1.38	1.03	1.13	1.31	1.13	1.16	1.14		1.18
2	0.86	0.00	1.11	1.23	1.09	1.09	0.94	1.09		1.06
3	1.18	1.43	0.00	1.20	1.38	1.17	1.20	1.15		1.24
4	1.13	1.38	1.20	0.00	1.36	1.15	1.05	1.18		1.21
5	0.82	1.09	0.92	0.91	0.00	0.91	1.06	1.04		0.97
6	1.13	1.41	1.04	1.15	1.36	0.00	1.01	1.11		1.17
7	1.30	1.41	1.07	1.18	1.36	1.14	0.00	1.13		1.23
8	1.14	1.41	1.15	1.18	1.34	1.11	1.00	0.00		1.19
Avg	1.08	1.36	1.07	1.14	1.32	1.10	1.06	1.12	

Fraction of 8 RT Decile Peps In Common
1	0.00	1.38	1.18	1.13	1.31	1.13	1.16	1.14		1.20
2	1.03	0.00	1.11	1.08	0.94	1.09	1.09	1.09		1.06
3	1.18	1.27	0.00	1.20	1.23	1.17	1.20	1.15		1.20
4	0.85	1.38	1.07	0.00	1.06	1.03	1.05	1.05		1.07
5	0.98	0.94	1.23	1.21	0.00	1.21	1.21	1.19		1.14
6	1.13	1.41	1.17	1.15	1.36	0.00	1.14	1.11		1.21
7	0.87	1.09	1.07	1.05	1.36	1.01	0.00	1.13		1.08
8	0.86	1.09	1.03	1.05	1.34	0.99	1.13	0.00		1.07
Avg	0.98	1.22	1.12	1.12	1.23	1.09	1.14	1.12	

Fraction of 9 RT Decile Peps In Common
1	0.00	1.21	1.18	1.13	1.15	1.13	1.16	1.14		1.16
2	0.52	0.00	0.95	0.92	0.63	0.94	1.09	0.94		0.86
3	0.59	0.95	0.00	0.80	0.92	0.91	0.93	0.90		0.86
4	0.85	1.08	1.07	0.00	1.21	1.03	1.18	1.05		1.07
5	0.82	0.94	0.92	0.91	0.00	0.91	0.91	0.90		0.90
6	0.99	1.09	1.17	1.15	1.21	0.00	1.14	1.11		1.12
7	1.01	1.25	1.07	1.18	1.06	1.01	0.00	1.00		1.08
8	1.14	1.25	1.15	1.18	1.19	1.11	1.13	0.00		1.17
Avg	0.84	1.11	1.07	1.04	1.05	1.00	1.08	1.01	

Fraction of 10 RT Decile Peps In Common
1	0.00	0.34	0.29	0.28	0.33	0.28	0.29	0.29		0.30
2	0.00	0.00	0.00	0.00	0.00	0.00	0.00	0.00		0.00
3	0.00	0.00	0.00	0.00	0.00	0.00	0.00	0.00		0.00
4	0.14	0.15	0.13	0.00	0.15	0.13	0.13	0.13		0.14
5	0.00	0.00	0.00	0.00	0.00	0.00	0.00	0.00		0.00
6	0.42	0.78	0.65	0.51	0.61	0.00	0.63	0.62		0.60
7	0.29	0.63	0.53	0.39	0.45	0.51	0.00	0.50		0.47
8	0.14	0.47	0.38	0.26	0.30	0.37	0.38	0.00		0.33
Avg	0.14	0.34	0.28	0.21	0.26	0.18	0.20	0.22	

End Interrun and Decile Results

Ab Deviation vs Difference in Run Order
Lab 1	1	2	3	4	5	6	7	
AvgDel	1.84	1.85	1.54	1.87	1.80	1.81	1.88	
MedDel	1.98	1.96	1.51	2.07	1.90	1.88	1.88	
Diff1	2.17	2.17	1.35	2.31	1.98	1.49	1.44	
Diff2	1.99	1.96	2.26	1.50	1.85	1.52	
Diff3	1.53	1.38	1.41	1.51	1.86	
Diff4	2.38	2.07	1.50	1.52	

Median RT Rank vs Difference in Run Order
Ab Deviation vs Difference in Run Order - 
AvgDel	1.03	1.00	1.02	1.26	1.18	1.55	1.62	
MedDel	0.82	1.10	0.97	1.43	1.15	2.10	1.62	
Diff1	1.55	1.83	0.80	0.82	0.83	0.60	0.80	
Diff2	1.10	1.54	0.72	1.11	0.52	1.04	
Diff3	1.41	1.22	0.81	0.70	0.97	
Diff4	1.43	1.95	0.60	1.06	


Begin Runseries Results

Begin Series=1

Files Analyzed (8)
1	BSA_std01_100607185918_20%_run1.RAW.MGF.TSV
2	BSA_std01_100607195733_30%_run1.RAW.MGF.TSV
3	BSA_std02_100607205549_100%_run1.RAW.MGF.TSV
4	BSA_std01_100607215404_20%_run2.RAW.MGF.TSV
5	BSA_std01_100607225220_30%_run2.RAW.MGF.TSV
6	BSA_std02_100607235035_100%_run2.RAW.MGF.TSV
7	BSA_std01_100608004851_20%_run3.RAW.MGF.TSV
8	BSA_std02_100608024522_100%_run3.RAW.MGF.TSV

Run Number	1	2	3	4	5	6	7	8	

Spectrum Counts
MS2 Scans	5744	5607	5620	5630	5635	5644	5682	5632	
MS1 Scans/Full	1463	1415	1418	1424	1423	1430	1438	1423	
MS1 Scans/Other	0	0	0	0	0	0	0	0	

First and Last MS1 RT (min)
First MS1	2.00	2.00	2.00	2.00	2.00	2.00	2.00	2.00	
Last MS1 	42.98	42.98	42.98	42.99	42.98	42.99	43.00	43.00	

Tryptic Peptide Counts
Peptides  	68	65	74	76	68	79	76	75	
Ions    	129	117	146	143	120	151	142	139	
Identifications	494	459	613	593	464	613	599	535	
Abundance Pct	99.39	98.97	99.56	99.15	99.77	99.63	99.55	99.62	
Abundance/1000	19624737	8750005	13110078	17107991	11185991	18243787	20265089	16102460	
Ions/Peptide	1.90	1.80	1.97	1.88	1.76	1.91	1.87	1.85	
IDs/Peptide	7.26	7.06	8.28	7.80	6.82	7.76	7.88	7.13	

Peptide Counts
Peptides  	74	71	80	82	71	86	85	84	
Ions    	136	123	153	150	123	159	151	148	
Identifications	509	472	631	609	471	633	618	556	
Semi/Tryp Peps	0.088	0.092	0.081	0.079	0.044	0.089	0.118	0.120	
Semi/Tryp Cnts	0.030	0.028	0.029	0.027	0.015	0.033	0.032	0.039	
Semi/Tryp Abund	0.006	0.010	0.004	0.009	0.002	0.004	0.005	0.004	
Miss/Tryp Peps	0.691	0.723	0.743	0.737	0.735	0.722	0.737	0.733	
Miss/Tryp Cnts	0.672	0.680	0.651	0.629	0.672	0.626	0.611	0.628	
Miss/Tryp Abund	0.653	0.662	0.557	0.629	0.686	0.645	0.575	0.609	
Net Oversample	7.49	7.26	8.53	8.01	6.93	8.01	8.13	7.41	
Ions/Peptide	1.84	1.73	1.91	1.83	1.73	1.85	1.78	1.76	
IDs/Peptide	6.88	6.65	7.89	7.43	6.63	7.36	7.27	6.62	

Middle Peptide Retention Time Period (min)
Half Period	5.80	6.74	6.19	6.04	6.30	6.09	6.30	5.71	
Start Time	14.79	14.68	14.74	14.09	14.82	14.00	14.08	14.66	
Mid Time	17.11	19.37	17.05	16.76	17.57	16.27	16.63	17.31	
Qratio Time	1.51	0.44	1.68	1.27	1.29	1.68	1.48	1.15	
MS2 scans	864	957	902	888	910	899	935	842	
MS1 Scans	250	235	266	271	271	276	285	252	
Pep ID Rate	6.37	5.27	6.46	6.78	5.64	7.06	6.75	7.36	
ID Rate 	32.91	30.27	38.28	34.41	28.74	39.71	40.00	32.24	
ID Efficiency	0.22	0.21	0.26	0.23	0.20	0.27	0.27	0.22	

MS1 During Middle (and Early) Peptide Retention Period
S/N Median	487.8	444.9	544.7	535.7	514.1	560.1	653.0	535.1	
TIC Median/1000	834364	358729	485411	598637	573068	704191	898826	628058	
Npeaks Median	1932	1862	1721	1704	1731	1639	1707	1630	
Scan-to-Scan	1.095	1.101	1.092	1.093	1.116	1.106	1.100	1.100	
S2S-3Q/Med	3.132	1.749	2.043	2.292	1.671	1.881	1.993	2.190	
S2S-1Qrt/Med	1.691	1.405	1.446	2.089	2.312	4.139	2.792	1.696	
S2S-2Qrt/Med	2.115	1.275	1.195	1.326	1.254	1.197	1.282	1.371	
S2S-3Qrt/Med	0.827	0.804	0.822	0.834	0.805	0.909	0.895	0.856	
S2S-4Qrt/Med	1.247	0.706	1.483	1.102	0.729	1.155	0.843	1.193	
ESI Off Middle	0.004	0.000	0.004	0.004	0.004	0.004	0.007	0.008	
ESI Off Early	0.012	0.008	0.000	0.000	0.008	0.007	0.000	0.010	
Max MS1 Jump	1071	100.74	1229	972.99	1124	1595	2099	440.54	
Max MS1 Fall	1251	72.06	876.99	295.66	554.47	696.87	1266	1274	
MS1 Jumps >10x	7	4	1	2	4	2	2	3	
MS1 Falls >10x	8	2	1	4	4	2	2	4	

MS1 Total Ion Current For Different RT Periods
1st Quart ID	0.12	0.11	0.10	0.12	0.10	0.12	0.10	0.11	
Middle ID	0.33	0.30	0.39	0.44	0.42	0.44	0.51	0.37	
Last ID Quart	1.00	0.99	0.99	1.00	0.99	1.00	1.00	0.99	
To End of Run	0.00	0.01	0.01	0.00	0.01	0.00	0.00	0.01	

Total Ion Current For IDs at Peak Maxima
Med TIC ID/1000	1206877	496620	745443	889170	605967	917446	1023062	838797	
InterQ TIC	2.76	3.57	2.70	2.81	3.38	2.99	2.73	2.27	
Mid InterQ TIC	2.76	3.57	2.70	2.81	3.38	2.99	2.73	2.27	

Precursor m/z for IDs
Median  	705.30	637.60	700.35	700.35	674.00	700.35	706.61	706.61	
Half Width	359.38	318.11	348.97	360.41	354.83	328.08	347.75	352.03	
Quart Ratio	1.702	1.622	1.679	1.701	1.690	1.632	1.664	1.678	
Precursor Min	300.2	313.2	300.2	300.2	300.2	300.2	300.2	300.2	
Precursor Max	1724.8	1246.6	1399.7	1479.8	1567.7	1419.7	1567.7	1567.7	
Med @ Q1 TIC	751.8	756.4	827.9	784.4	784.4	720.4	759.7	722.8	
Med @ Q4 TIC	575.7	634.6	525.3	636.6	562.7	597.2	597.3	667.3	
Med @ Q1 RT	513.9	522.6	501.3	597.3	511.6	552.9	605.6	605.6	
Med @ Q4 RT	831.4	767.7	831.4	767.7	847.0	784.4	767.7	740.4	
Med Charge +1	1121.5	997.6	1002.6	1121.5	1002.6	1121.5	1142.7	1142.7	
Med Charge +2	740.4	720.4	751.8	751.8	732.3	739.8	740.4	751.8	
Med Charge +3	637.0	636.6	637.6	636.6	634.6	637.6	636.6	634.6	
Med Charge +4	562.7	623.8	625.3	623.8	625.3	625.3	625.3	625.3	

Number of Ions vs Charge
Charge +1	13	9	7	12	10	9	13	11	
Charge +2	50	38	48	50	36	54	53	51	
Charge +3	43	45	56	52	45	57	49	50	
Charge +4	27	27	36	33	29	36	34	32	
Charge +5	3	4	6	3	3	3	2	4	

Averages vs RT for IDed Peptides
Length Q1	12.71	13.26	13.00	13.34	12.90	13.35	13.55	13.84	
Length Q4	17.24	17.23	18.84	17.86	19.07	18.69	17.51	17.68	
Charge Q1	2.76	2.94	3.03	2.84	2.90	2.88	2.76	2.92	
Charge Q4	2.65	2.80	2.87	2.76	2.80	2.85	2.68	2.73	

Precursor m/z - Peptide Ion m/z (+2 Charge Only, Reject >0.45 m/z)
Spectra 	178	159	223	223	156	233	226	207	
Median  	-0.0008	-0.0008	-0.0010	-0.0010	-0.0008	-0.0008	-0.0010	-0.0007	
Mean Absolute	0.0029	0.0020	0.0069	0.0094	0.0016	0.0155	0.0141	0.0116	
ppm Median	-1.30	-1.30	-1.35	-1.35	-1.18	-1.25	-1.35	-1.13	
ppm InterQ	5.59	2.59	4.56	4.56	2.46	3.56	3.44	2.94	

Ion IDs by Charge State (Relative to +2)
+2 Ion Count	50	38	48	50	36	54	53	51	
Charge +1	0.260	0.237	0.146	0.240	0.278	0.167	0.245	0.216	
Charge +2	1.000	1.000	1.000	1.000	1.000	1.000	1.000	1.000	
Charge +3	0.860	1.184	1.167	1.040	1.250	1.056	0.925	0.980	
Charge +4	0.540	0.711	0.750	0.660	0.806	0.667	0.642	0.627	

Average Peptide Lengths for Different Charge States
Charge +1	9.75	7.56	8.71	9.18	9.20	9.22	9.50	9.60	
Charge +2	12.47	12.03	12.83	12.63	12.50	12.49	12.60	12.92	
Charge +3	16.66	16.63	17.04	16.88	16.40	16.93	16.74	16.57	
Charge +4	19.63	20.19	21.17	20.85	21.31	21.06	21.32	21.25	

Average Peptide Lengths For Charge 2 for Different Numbers of Mobile Protons
NAA,Ch=2,MP=-1	13.63	11.75	13.71	13.63	13.33	13.71	13.63	13.71	
NAA,Ch=2,MP=0	12.93	13.05	13.61	13.50	13.22	13.63	13.29	14.05	
NAA,Ch=2,MP=1	10.93	10.69	11.59	10.87	11.00	11.00	11.56	11.75	
NAA,Ch=2,MP=2	0.00	10.00	10.00	10.00	0.00	9.50	9.50	9.50	

Numbers of Ion Ids at Different Charges with 1 Mobile Proton
Ch=1 MP=1	1	1	1	1	1	1	1	1	
Ch=2 MP=1	14	13	17	15	12	20	18	20	
Ch=3 MP=1	19	21	26	23	20	26	22	25	
Ch=4 MP=1	15	15	19	17	15	18	16	14	

Percent of IDs at Different Charges and Mobile Protons Relative to IDs with 1 Mobile Proton
Ch=1 MP=-1	100.0	100.0	0.0	200.0	200.0	200.0	200.0	200.0	
Ch=1 MP=0	1000.0	700.0	600.0	800.0	700.0	600.0	900.0	700.0	
Ch=1 MP=1	100.0	100.0	100.0	100.0	100.0	100.0	100.0	100.0	
Ch=2 MP=-1	57.1	30.8	41.2	53.3	50.0	35.0	44.4	35.0	
Ch=2 MP=0	192.9	153.8	135.3	160.0	150.0	120.0	133.3	110.0	
Ch=2 MP=1	100.0	100.0	100.0	100.0	100.0	100.0	100.0	100.0	
Ch=3 MP=-1	26.3	9.5	23.1	26.1	15.0	23.1	27.3	24.0	
Ch=3 MP=0	84.2	85.7	73.1	82.6	95.0	84.6	72.7	64.0	
Ch=3 MP=1	100.0	100.0	100.0	100.0	100.0	100.0	100.0	100.0	

Precursor m/z - Monoisotope Exact m/z
More Than 100	110	93	125	126	99	132	130	126	
Betw 100.0-50.0	12	16	17	13	14	15	11	13	
Betw 50.0-25.0	10	10	7	7	8	10	9	6	
Betw 25.0-12.5	2	2	2	2	1	1	1	3	
Betw 12.5-6.3	2	2	2	2	1	1	0	0	
Betw 6.3-3.1	0	0	0	0	0	0	0	0	
Betw 3.1-1.6	0	0	0	0	0	0	0	0	
Betw 1.6-0.8	0	0	0	0	0	0	0	0	
Top Half	1	2	5	6	3	2	2	3	
Next Half (2)	9	6	11	12	4	7	4	4	
Next Half (3)	19	15	27	36	11	19	13	13	
Next Half (4)	31	28	40	44	23	37	32	33	
Next Half (5)	36	27	40	28	34	45	43	43	
Next Half (6)	20	25	18	13	26	28	36	32	
Next Half (7)	11	13	8	7	13	9	11	12	
Next Half (8)	0	0	0	0	0	0	0	0	

MS2 ID Spectra
NPeaks Median	525	516	505	500	499	494	483	509	
NPeaks InterQ	1.70	1.94	2.03	1.95	1.73	1.84	1.88	1.80	
S/N Median	272.84	238.04	261.58	290.52	270.04	286.67	264.18	266.34	
S/N InterQ	3.81	4.76	3.72	3.43	3.95	3.36	3.51	4.22	
ID Score Median	0.747	0.692	0.729	0.751	0.742	0.753	0.755	0.753	
ID Score InterQ	0.199	0.213	0.227	0.211	0.196	0.195	0.200	0.224	
IDSc Med Q1Msmx	0.817	0.689	0.784	0.795	0.782	0.770	0.794	0.777	

MS1 ID Max
Median  	28924579	13088485	19494187	26631479	15173582	28548325	30339198	26313938	
Half Width	148036232	75645303	97554349	122534650	88159246	127304721	146040706	126733274	
Quart Ratio	20.79	23.91	22.55	19.92	22.54	19.85	23.91	21.59	
Median MidRT	32631490	17604915	35943261	41871519	20092031	34231695	47532729	54691194	
75/25 MidRT	11.7	17.7	11.2	12.1	13.6	14.0	16.7	16.2	
95/5 MidRT	257.3	260.5	263.6	374.2	271.0	220.4	375.7	191.7	
75/25 Pctile	20.8	23.9	22.5	19.9	22.5	19.9	23.9	21.6	
95/5 Pctile	9152.3	698.3	4390.5	2127.4	947.5	2688.1	2441.3	1139.0	

MS1 ID Abund at MS2 Acquisition
Median  	11344812	4153217	8551651	8911803	7164950	11411052	11962632	6645995	
Half Width	29839851	10500856	23859291	21394907	19196617	26029916	40550413	18706528	
75/25 Pctile	9.2	8.1	12.1	8.8	13.0	10.2	12.5	8.4	
95/5 Pctile	690.7	640.4	1492.5	487.3	1076.6	717.9	1803.5	434.9	

MS2 ID Abund Reported
Median  	122763	53318	101687	102484	76106	117222	113177	83223	
Half Width	308648	160471	309492	244570	244530	278489	452535	170522	
75/25 Pctile	9.6	10.1	10.2	8.1	11.9	8.4	14.2	6.5	
95/5 Pctile	735.7	177.8	398.7	296.1	369.3	288.5	857.6	247.1	

Max Peak Width for IDs (sec)
Median Value	60.54	62.46	60.90	61.50	57.60	58.62	63.36	64.26	
Third Quart	79.32	73.02	75.18	74.28	72.66	73.38	78.72	83.10	
Last Decile	95.28	114.54	98.64	103.68	96.00	98.46	99.48	111.06	

Peak Width at Half Height for IDs
Median Value	10.02	9.66	10.02	10.08	9.48	9.54	9.90	9.84	
Med Top Quart	12.48	10.14	10.86	11.22	11.22	10.56	10.98	10.98	
Med Top 16th	12.06	12.06	9.90	12.96	11.46	9.96	13.26	12.30	
Med Top 100	10.56	9.54	10.14	10.08	9.84	9.60	9.90	10.14	
Median Disper	7.26	4.98	4.62	4.56	4.20	3.90	3.78	3.90	
Med Quart Disp	6.06	3.78	4.44	4.20	4.68	3.54	3.96	3.48	
Med 16th Disp	4.14	8.64	4.50	7.44	4.56	5.22	4.26	4.62	
Med 100 Disp	7.62	4.68	4.44	4.50	4.14	3.42	3.24	3.72	
3Quart Value	15.06	13.08	12.84	12.72	12.24	12.18	12.06	12.00	
9Dec Value	19.68	20.40	15.96	15.78	15.30	15.12	15.42	14.22	
MS1 Interscan/s	1.39	1.72	1.40	1.34	1.39	1.32	1.33	1.36	
MS1 Scan/FWHM	7.19	5.61	7.18	7.53	6.80	7.20	7.46	7.24	
IDs Used  	134	122	151	150	122	158	151	147	

Peak Widths at Half Max over RT deciles for IDs
First Decile	10.44	9.54	11.64	10.08	8.22	7.02	10.32	8.16	
Median Value	16.68	9.30	10.32	11.22	10.08	11.46	11.10	11.40	
Last Decile	8.94	10.14	9.72	9.18	9.36	9.12	9.36	8.76	

Nearby Resampling of IDs - Oversampling Details
Repeated IDs	370	346	475	456	345	471	464	405	
Med RT Diff/s	1.62	1.80	1.68	1.68	1.68	1.68	1.68	1.62	
1Q RT Diff/s	1.38	1.44	1.44	1.38	1.38	1.38	1.38	1.38	
1Dec RT Diff/s	1.08	1.08	1.14	1.08	1.14	1.14	1.02	1.08	
Median dm/z	0.00	0.00	0.00	0.00	0.00	0.00	0.00	0.00	
Quart dm/z	0.00	0.00	0.00	0.00	0.00	0.00	0.00	0.00	

Wide RT Differences for IDs (> 4 min)
Peptides	11	8	15	15	13	17	17	12	
Spectra 	164	138	238	227	161	239	237	165	

Fraction of Repeat Peptide IDs with Divergent RT (RT vs RT-best ID) - Chromatographic 'Bleed'
- 4 min    	0.0000	0.0000	0.0000	0.0016	0.0042	0.0016	0.0000	0.0000	
+ 4 min      	0.0472	0.0445	0.0697	0.0739	0.0573	0.0790	0.0809	0.0414	

Early and Late RT Oversampling (Spectrum IDs/Unique Peptide IDs) - Chromatographic: Flow Through/Bleed
First Decile	0.535	0.688	0.875	0.698	0.867	0.937	0.713	0.588	
Last Decile	2.186	1.290	1.958	1.794	2.313	2.631	2.696	2.275	

Peptide Ion IDs by > 3 Spectra (Hi) vs  1-3 Spectra (Lo) - Extreme Oversampling
Pep Ions (Hi)	39	28	50	46	33	46	43	38	
Ratio Hi/Lo  	0.406	0.298	0.490	0.447	0.371	0.411	0.402	0.349	
Spec Cnts (Hi)	276	227	370	346	237	344	341	275	
Ratio Hi/Lo	1.205	0.942	1.440	1.336	1.030	1.207	1.249	0.993	
Spec/Pep (Hi)	7.077	8.107	7.400	7.522	7.182	7.478	7.930	7.237	
Spec Cnt Excess	0.315	0.306	0.351	0.344	0.296	0.328	0.345	0.292	

Ratios of Peptide Ions IDed by Different Numbers of Spectra - Oversampling Measure
Once/Twice	1.05	0.71	0.79	0.75	0.59	1.20	1.21	0.75	
Twice/Thrice	0.33	0.26	0.28	0.29	0.27	0.19	0.18	0.27	

Single Spectrum Peptide Ion Identifications - Oversampling Measure
Peptide Ions	20	12	15	15	10	18	17	15	
Fract >1 Ions	0.85	0.90	0.90	0.90	0.92	0.89	0.89	0.90	
1 vs >1 PepIon	0.17	0.11	0.11	0.11	0.09	0.13	0.13	0.11	
1 vs >1 Spec	0.04	0.03	0.02	0.03	0.02	0.03	0.03	0.03	

MS1max/MS1sampled Abundance Ratio IDs - Inefficient Sampling
Median All IDs	2.28	1.81	1.71	1.90	1.52	1.91	1.76	2.19	
3Q All IDs	4.74	5.13	3.62	6.32	3.66	5.04	3.66	5.94	
9Dec All IDs	20.94	74.07	23.16	39.68	44.48	16.61	7.63	60.59	
Med Top 100	2.64	1.88	2.30	3.15	1.71	3.07	2.12	3.23	
Med Top Dec	32.31	47.90	17.81	17.81	94.94	14.51	7.35	76.18	
Med Top Quart	6.13	17.44	7.79	10.39	6.42	7.31	3.86	20.83	
Med Bottom 1/2	1.53	1.20	1.23	1.28	1.24	1.24	1.36	1.22	

RT(MS1max)-RT(MS2) for IDs (sec) 
Med Diff Abs	5	4	4	4	4	4	4	4	
Median Diff	3	1	2	2	2	2	2	1	
First Quart	-1	-2	-1	-2	-1	-1	-1	-1	
Third Quart	6	4	6	5	5	6	5	5	

Ion Injection Times for IDs (ms)
MS1 Median	11	23	21	20	20	20	17	19	
MS1 Maximum	100	100	100	100	100	100	100	100	
MS2 Median	40.3	77.5	67.6	54.0	54.4	52.8	45.5	52.0	
MS2 Maximun	100.0	100.0	100.0	100.0	100.0	100.0	100.0	100.0	
MS2 Fract Max	0.240	0.423	0.405	0.344	0.368	0.364	0.313	0.351	

Relative Fraction of Peptides in Retention Decile Matching a Peptide in Other Runs
All Deciles	0.903	0.889	0.895	0.883	0.915	0.857	0.855	0.878	
First Decile	0.914	1.155	1.014	1.040	1.077	0.886	0.786	1.020	
Last Decile	0.301	0.000	0.000	0.139	0.000	0.603	0.472	0.329	
Comp to First	0.000	0.784	0.919	0.959	0.824	0.959	0.932	0.946	
Comp to Last	0.833	0.762	0.929	0.905	0.798	0.964	0.952	0.000	

Relative Uniqueness of Peptides in Decile Found Anywhere in Other Runs
First Decile	0.91	1.15	1.01	1.04	1.08	0.89	0.79	1.02	
Last Decile	0.30	0.00	0.00	0.14	0.00	0.60	0.47	0.33	

Differences in Elution Rank (Percent) of Matching Peptides in Other Runs
Average Diff	2.487	3.493	1.992	2.062	1.856	2.006	2.063	2.033	
Median Diff	1.323	1.710	1.115	1.268	1.028	1.190	1.193	1.167	
Comp to First	0.000	1.552	1.103	1.408	1.434	1.149	1.001	1.617	
Comp to Last	1.514	3.065	1.036	0.778	0.746	0.617	0.412	0.000	

Median Ratios of MS1 Intensities of Matching Peptides in Other Runs
Median Diff	1.952	1.932	1.741	1.668	2.005	1.706	1.630	1.656	
Median*2 Diff	3.018	3.030	2.483	2.476	3.118	2.488	2.403	2.532	
Comp to First	0.000	2.169	1.986	1.530	2.380	1.974	1.748	1.880	
Comp to Last	1.880	1.876	1.498	1.524	1.865	1.517	1.435	0.000	
Comp to First*2	0.000	3.677	2.561	2.391	4.076	3.090	2.634	2.695	
Comp to Last*2	2.695	3.106	2.200	2.269	3.141	2.281	2.034	0.000	

Uncorrected and RT Corrected Relative Intensities of Matching Peptides in Other Runs
Uncor rel First	0.000	0.000	0.000	0.000	0.000	0.000	0.000	0.000	
Uncor rel Last	0.000	0.000	0.000	0.000	0.000	0.000	0.000	0.000	
Corr rel First	0.000	0.000	0.000	0.000	0.000	0.000	0.000	0.000	
Corr rel Last	0.000	0.000	0.000	0.000	0.000	0.000	0.000	0.000	

Magnitude of RT Correction of Intensities of Matching Peptides in Other Runs
Comp to First	0.000	0.000	0.000	0.000	0.000	0.000	0.000	0.000	
Comp to Last	0.000	0.000	0.000	0.000	0.000	0.000	0.000	0.000	

Top Ion Abundance Measures
Top 10% Abund	2	2	2	2	1	2	2	2	
Top 25% Abund	5	4	6	5	3	6	6	5	
Top 50% Abund	12	10	15	13	9	16	14	15	
Fractab Top	0.087	0.091	0.061	0.066	0.160	0.064	0.056	0.070	
Fractab Top 10	0.453	0.510	0.396	0.426	0.555	0.381	0.405	0.400	
Fractab Top 100	0.994	0.997	0.988	0.989	0.998	0.984	0.990	0.989	

End Series=1

End Runseries Results
