Precursor m/z Averages at Different MS1Total (TIC) Quartiles Over Middle Elution Period
Run #, Q1 precursor m/z, Q2-Q1, Q3-Q1, Q4-Q1, Q1 TIC/1000, Q2/Q1, Q3/Q1, Q4/Q1
1	682.35	712.44	642.36	631.79	201763	0.57	0.44	0.22	
2	601.39	682.35	637.93	634.01	183564	0.53	0.34	0.22	
3	717.61	710.35	599.28	547.32	175389	0.68	0.36	0.20	
4	703.61	720.41	703.14	593.36	172024	0.72	0.45	0.20	
5	707.40	682.35	731.86	538.24	146837	0.67	0.51	0.25	
6	740.40	703.74	617.53	599.28	189925	0.55	0.34	0.16	
7	667.34	788.89	637.60	634.01	286150	0.74	0.57	0.38	
8	658.32	750.86	630.31	639.98	202127	0.69	0.46	0.33	
9	764.43	617.30	627.65	634.01	388451	0.47	0.32	0.13	

ID Charge Distributions At Different MS1max Quartiles For Charges 1-4
1	26.1,26.1,0.0,8.7 	6,9,8,7 	34.8,21.7,39.1,30.4 	17.4,13.0,17.4,30.4 	
2	35.0,25.0,0.0,10.0 	6,6,9,4 	20.0,35.0,25.0,45.0 	20.0,10.0,25.0,20.0 	
3	20.0,12.0,16.0,4.0 	7,8,8,9 	32.0,36.0,36.0,32.0 	20.0,16.0,20.0,24.0 	
4	32.0,4.0,24.0,0.0 	7,9,8,5 	32.0,40.0,24.0,36.0 	8.0,20.0,20.0,40.0 	
5	10.5,10.5,31.6,0.0 	7,4,6,8 	26.3,42.1,21.1,31.6 	26.3,26.3,10.5,21.1 	
6	24.0,16.0,12.0,0.0 	8,8,9,7 	32.0,28.0,32.0,36.0 	16.0,20.0,16.0,36.0 	
7	11.5,30.8,15.4,3.8 	9,11,6,11 	34.6,23.1,30.8,30.8 	19.2,3.8,30.8,15.4 	
8	22.7,13.6,9.1,4.5 	5,7,5,11 	27.3,31.8,31.8,36.4 	22.7,22.7,31.8,4.5 	
9	27.6,6.9,13.8,0.0 	10,10,10,11 	31.0,31.0,34.5,31.0 	10.3,20.7,17.2,27.6 	

Precursor m/z Averages and Differences from 1st Quartile (Largest) of Different MS1Total (TIC) Quartiles Over Full Elution Period
Run #, Q1 precursor m/z, Q2-Q1, Q3-Q1, Q4-Q1, Q1 TIC/1000, Q2/Q1, Q3/Q1, Q4/Q1
1	734.04	653.80	653.36	605.61	413489	0.33	0.21	0.09	rt=551.8	710.4	642.4	827.9	ch=2.89	2.30	2.94	2.89	len=13.19	13.37	16.70	18.24	tic/1000=87121	153174	67866	349778	
2	689.37	717.86	634.01	627.64	199691	0.55	0.33	0.17	rt=529.7	674.0	627.6	827.9	ch=2.98	2.29	2.88	2.92	len=13.88	12.49	15.76	19.13	tic/1000=100831	150743	52320	135459	
3	720.41	703.54	617.79	562.26	180814	0.62	0.32	0.16	rt=554.3	710.4	599.3	738.4	ch=2.90	2.67	2.73	2.88	len=13.81	16.37	14.06	18.04	tic/1000=58916	147152	48655	151401	
4	703.61	714.48	630.32	599.28	223530	0.54	0.34	0.15	rt=552.9	703.6	617.8	745.8	ch=2.82	2.51	2.88	2.90	len=13.43	15.16	15.43	18.33	tic/1000=86744	173777	55012	164353	
5	714.48	722.82	639.65	562.74	183011	0.63	0.43	0.18	rt=523.2	707.4	634.0	784.4	ch=2.90	2.74	2.64	2.87	len=12.92	15.92	14.08	18.66	tic/1000=70673	124292	52956	183358	
6	689.37	714.48	642.36	584.23	246366	0.50	0.32	0.12	rt=567.8	706.9	608.6	738.1	ch=2.73	2.53	2.88	2.92	len=12.87	15.27	14.61	18.37	tic/1000=130922	150581	50040	188959	
7	740.40	712.44	636.05	622.53	333676	0.62	0.45	0.31	rt=562.3	712.4	634.0	784.4	ch=2.90	2.31	2.79	2.79	len=13.63	14.10	15.92	18.21	tic/1000=121476	268969	133844	302372	
8	717.62	722.83	589.28	627.65	263858	0.62	0.36	0.24	rt=562.3	706.9	630.3	745.4	ch=2.86	2.64	2.77	2.95	len=13.48	15.27	14.55	18.55	tic/1000=88675	185734	80337	254595	
9	784.38	636.65	636.05	617.54	380293	0.51	0.27	0.10	rt=552.9	706.9	631.8	756.4	ch=2.88	2.58	2.75	2.78	len=13.24	15.54	14.59	17.29	tic/1000=107363	273283	89771	276777	

ID Charge Distributions At Different MS1max Quartiles For Charges 1-4
1	15.2,17.4,8.7,6.5 	13,12,19,14 	34.8,26.1,32.6,30.4 	21.7,21.7,13.0,32.6 	
2	19.5,17.1,4.9,7.3 	10,14,16,9 	34.1,22.0,31.7,31.7 	17.1,26.8,17.1,34.1 	
3	9.8,15.7,9.8,3.9 	16,12,18,17 	35.3,31.4,35.3,33.3 	21.6,21.6,17.6,27.5 	
4	13.7,15.7,9.8,3.9 	13,15,19,15 	39.2,27.5,27.5,35.3 	17.6,21.6,23.5,29.4 	
5	12.8,15.4,20.5,0.0 	10,9,11,13 	35.9,28.2,30.8,33.3 	20.5,33.3,15.4,28.2 	
6	19.6,13.7,7.8,2.0 	17,13,18,17 	33.3,29.4,29.4,35.3 	15.7,25.5,21.6,25.5 	
7	13.5,17.3,9.6,1.9 	18,16,20,19 	34.6,32.7,19.2,36.5 	17.3,19.2,25.0,23.1 	
8	18.2,18.2,9.1,2.3 	11,10,11,18 	31.8,27.3,29.5,38.6 	18.2,27.3,31.8,13.6 	
9	16.9,13.6,8.5,1.7 	20,19,21,21 	33.9,32.2,23.7,32.2 	13.6,16.9,27.1,22.0 	

Number of Compounds in Common
	1	2	3	4	5	6	7	8	9	
1	-	74	92	94	76	93	92	81	93	
2	74	-	85	81	83	86	82	86	85	
3	92	85	-	99	84	102	102	93	107	
4	94	81	99	-	81	99	100	88	102	
5	76	83	84	81	-	83	82	83	85	
6	93	86	102	99	83	-	102	88	108	
7	92	82	102	100	82	102	-	89	113	
8	81	86	93	88	83	88	89	-	95	
9	93	85	107	102	85	108	113	95	-	

Fraction of Overlapping Compounds - relative to first index
	1	2	3	4	5	6	7	8	9	
1	-	0.73	0.91	0.93	0.75	0.92	0.91	0.80	0.92	
2	0.81	-	0.93	0.89	0.91	0.95	0.90	0.95	0.93	
3	0.81	0.75	-	0.87	0.74	0.89	0.89	0.82	0.94	
4	0.85	0.74	0.90	-	0.74	0.90	0.91	0.80	0.93	
5	0.84	0.92	0.93	0.90	-	0.92	0.91	0.92	0.94	
6	0.81	0.75	0.89	0.86	0.72	-	0.89	0.77	0.94	
7	0.79	0.70	0.87	0.85	0.70	0.87	-	0.76	0.97	
8	0.79	0.83	0.90	0.85	0.81	0.85	0.86	-	0.92	
9	0.67	0.62	0.78	0.74	0.62	0.78	0.82	0.69	-	

Fraction of Overlapping Compounds - relative to second index
	1	2	3	4	5	6	7	8	9	
1	-	0.81	0.81	0.85	0.84	0.81	0.79	0.79	0.67	
2	0.73	-	0.75	0.74	0.92	0.75	0.70	0.83	0.62	
3	0.91	0.93	-	0.90	0.93	0.89	0.87	0.90	0.78	
4	0.93	0.89	0.87	-	0.90	0.86	0.85	0.85	0.74	
5	0.75	0.91	0.74	0.74	-	0.72	0.70	0.81	0.62	
6	0.92	0.95	0.89	0.90	0.92	-	0.87	0.85	0.78	
7	0.91	0.90	0.89	0.91	0.91	0.89	-	0.86	0.82	
8	0.80	0.95	0.82	0.80	0.92	0.77	0.76	-	0.69	
9	0.92	0.93	0.94	0.93	0.94	0.94	0.97	0.92	-	

Median Retention Rank Differences for Compounds in Common (Percent)
	1	2	3	4	5	6	7	8	9	
1	-	1.542	1.167	0.903	1.243	0.968	1.087	1.911	0.857	
2	1.328	-	1.471	1.934	2.610	1.542	2.561	1.744	1.699	
3	1.100	1.912	-	0.587	0.381	0.539	0.801	1.124	0.626	
4	1.117	2.232	0.801	-	0.944	0.808	0.840	1.326	0.435	
5	1.256	2.610	0.466	1.166	-	0.695	0.866	0.753	0.891	
6	1.006	1.655	0.705	0.842	0.493	-	0.938	1.525	0.822	
7	1.051	2.947	0.892	0.773	0.875	0.853	-	1.302	0.690	
8	1.943	2.013	0.958	1.294	0.423	1.498	1.188	-	0.991	
9	0.876	2.353	0.658	0.613	0.629	0.785	0.648	1.187	-	

Avg	1.21	1.86	0.88	1.06	1.09	1.00	1.17	1.29	0.97

Average Retention Rank Differences for Compounds in Common (Percent)
	1	2	3	4	5	6	7	8	9	
1	-	2.666	2.127	1.494	2.112	1.711	1.796	3.780	1.850	
2	2.557	-	3.239	3.719	3.919	3.326	3.837	3.218	3.349	
3	2.150	3.433	-	1.184	1.134	0.942	1.269	1.989	0.961	
4	1.788	4.054	1.326	-	1.677	1.367	1.140	2.634	1.153	
5	2.112	4.035	1.134	1.799	-	1.103	1.666	1.219	1.356	
6	1.734	3.569	1.153	1.306	0.987	-	1.596	2.712	1.423	
7	1.938	4.194	1.384	1.060	1.725	1.576	-	2.676	1.018	
8	3.810	3.569	1.896	2.634	1.045	2.660	2.626	-	2.105	
9	1.896	3.792	1.048	1.153	1.218	1.440	1.049	2.260	-	

Avg	2.19	3.40	1.63	1.89	1.80	1.81	1.95	2.54	1.73

Number of Matching Identified Ions Between Runs
	1	2	3	4	5	6	7	8	9	
1	186	137	163	166	134	163	162	145	168
2	137	163	146	143	136	145	140	144	145
3	163	146	205	176	138	177	173	154	188
4	166	143	176	204	139	175	176	155	186
5	134	136	138	139	155	141	138	143	142
6	163	145	177	175	141	205	174	148	183
7	162	140	173	176	138	174	208	154	188
8	145	144	154	155	143	148	154	176	161
9	168	145	188	186	142	183	188	161	235

Relative Deviations in MS1 Max For Matching Identified Ions Between Runs
	1	2	3	4	5	6	7	8	9	
1	-	2.18	2.04	1.81	1.97	1.80	1.73	2.08	1.86
2	2.18	-	2.25	2.18	1.70	2.04	2.15	1.95	2.18
3	2.04	2.26	-	1.75	2.06	1.60	1.68	2.46	1.74
4	1.82	2.18	1.73	-	2.04	1.76	1.65	2.32	1.94
5	1.98	1.69	2.07	2.04	-	1.95	1.94	1.68	2.10
6	1.80	2.04	1.60	1.76	1.95	-	1.97	2.50	2.13
7	1.73	2.14	1.68	1.61	1.94	1.97	-	2.19	1.48
8	2.08	1.97	2.46	2.32	1.68	2.50	2.20	-	2.21
9	1.86	2.18	1.74	1.94	2.10	2.13	1.48	2.21	-

Avg	1.93	2.08	1.95	1.93	1.93	1.97	1.84	2.18	1.96

Relative Uncorrected Deviations in MS1 Max For Matching Identified Ions Between Runs
	1	2	3	4	5	6	7	8	9	
1	-	0.00	0.00	0.00	0.00	0.00	0.00	0.00	0.00
2	0.00	-	0.00	0.00	0.00	0.00	0.00	0.00	0.00
3	0.00	0.00	-	0.00	0.00	0.00	0.00	0.00	0.00
4	0.00	0.00	0.00	-	0.00	0.00	0.00	0.00	0.00
5	0.00	0.00	0.00	0.00	-	0.00	0.00	0.00	0.00
6	0.00	0.00	0.00	0.00	0.00	-	0.00	0.00	0.00
7	0.00	0.00	0.00	0.00	0.00	0.00	-	0.00	0.00
8	0.00	0.00	0.00	0.00	0.00	0.00	0.00	-	0.00
9	0.00	0.00	0.00	0.00	0.00	0.00	0.00	0.00	-

Avg	0.00	0.00	0.00	0.00	0.00	0.00	0.00	0.00	0.00

Relative Corrected Deviations in MS1 Max For Matching Identified Ions Between Runs
	1	2	3	4	5	6	7	8	9	
1	-	0.00	0.00	0.00	0.00	0.00	0.00	0.00	0.00
2	0.00	-	0.00	0.00	0.00	0.00	0.00	0.00	0.00
3	0.00	0.00	-	0.00	0.00	0.00	0.00	0.00	0.00
4	0.00	0.00	0.00	-	0.00	0.00	0.00	0.00	0.00
5	0.00	0.00	0.00	0.00	-	0.00	0.00	0.00	0.00
6	0.00	0.00	0.00	0.00	0.00	-	0.00	0.00	0.00
7	0.00	0.00	0.00	0.00	0.00	0.00	-	0.00	0.00
8	0.00	0.00	0.00	0.00	0.00	0.00	0.00	-	0.00
9	0.00	0.00	0.00	0.00	0.00	0.00	0.00	0.00	-

Avg	0.00	0.00	0.00	0.00	0.00	0.00	0.00	0.00	0.00

Relative RT Trends in MS1 Max For Matching Identified Ions Between Runs
	1	2	3	4	5	6	7	8	9	
1	-	0.00	0.00	0.00	0.00	0.00	0.00	0.00	0.00
2	0.00	-	0.00	0.00	0.00	0.00	0.00	0.00	0.00
3	0.00	0.00	-	0.00	0.00	0.00	0.00	0.00	0.00
4	0.00	0.00	0.00	-	0.00	0.00	0.00	0.00	0.00
5	0.00	0.00	0.00	0.00	-	0.00	0.00	0.00	0.00
6	0.00	0.00	0.00	0.00	0.00	-	0.00	0.00	0.00
7	0.00	0.00	0.00	0.00	0.00	0.00	-	0.00	0.00
8	0.00	0.00	0.00	0.00	0.00	0.00	0.00	-	0.00
9	0.00	0.00	0.00	0.00	0.00	0.00	0.00	0.00	-

Avg	0.00	0.00	0.00	0.00	0.00	0.00	0.00	0.00	0.00

Relative RT Trends / Corrected Deviations of MS1 Max For Matching Identified Ions Between Runs
	1	2	3	4	5	6	7	8	9	
1	-	1.00	1.00	1.00	1.00	1.00	1.00	1.00	1.00
2	1.00	-	1.00	1.00	1.00	1.00	1.00	1.00	1.00
3	1.00	1.00	-	1.00	1.00	1.00	1.00	1.00	1.00
4	1.00	1.00	1.00	-	1.00	1.00	1.00	1.00	1.00
5	1.00	1.00	1.00	1.00	-	1.00	1.00	1.00	1.00
6	1.00	1.00	1.00	1.00	1.00	-	1.00	1.00	1.00
7	1.00	1.00	1.00	1.00	1.00	1.00	-	1.00	1.00
8	1.00	1.00	1.00	1.00	1.00	1.00	1.00	-	1.00
9	1.00	1.00	1.00	1.00	1.00	1.00	1.00	1.00	-

Avg	1.00	1.00	1.00	1.00	1.00	1.00	1.00	1.00	1.00

Median Relative Intensities in MS1 Max For Matching Identified Ions Between Runs
	1	2	3	4	5	6	7	8	9	
1	-	1.99	1.19	1.04	2.04	0.75	0.92	1.76	0.68
2	0.50	-	0.53	0.59	0.98	0.42	0.37	0.87	0.33
3	0.84	1.89	-	0.98	1.64	0.81	0.70	1.38	0.54
4	1.00	1.70	1.03	-	1.82	0.89	0.77	1.51	0.66
5	0.52	1.05	0.63	0.55	-	0.47	0.38	0.77	0.33
6	1.34	2.40	1.24	1.13	2.11	-	0.85	2.17	0.71
7	1.09	2.81	1.43	1.35	2.65	1.17	-	2.11	0.81
8	0.57	1.16	0.73	0.66	1.30	0.46	0.49	-	0.40
9	1.48	3.07	1.86	1.53	3.16	1.42	1.24	2.52	-

Number of Matching Doubly Charged Identified Ions Between Runs
	1	2	3	4	5	6	7	8	9	
1	-	40	50	52	37	51	53	41	53
2	40	-	42	42	40	42	43	42	43
3	50	42	-	50	39	55	53	42	58
4	52	42	50	-	38	54	56	43	55
5	37	40	39	38	-	40	41	40	41
6	51	42	55	54	40	-	56	42	60
7	53	43	53	56	41	56	-	45	64
8	41	42	42	43	40	42	45	-	46
9	53	43	58	55	41	60	64	46	-

Relative Deviations in MS1 Max For Doubly Charged Matching Identified Ions Between Runs
	1	2	3	4	5	6	7	8	9	
1	-	2.32	1.99	1.85	2.00	1.92	1.66	2.13	1.68
2	2.10	-	2.40	1.98	1.62	2.08	1.89	1.98	2.23
3	1.97	2.46	-	2.05	1.72	1.67	1.76	1.86	1.85
4	1.85	1.98	2.05	-	2.02	1.93	1.63	2.61	1.77
5	2.00	1.69	1.72	2.01	-	1.81	1.84	1.68	1.82
6	1.92	2.08	1.67	1.93	1.81	-	1.92	2.43	2.13
7	1.66	1.89	1.76	1.59	1.84	2.00	-	2.19	1.44
8	2.13	1.95	1.86	2.61	1.81	2.43	2.19	-	2.02
9	1.68	2.23	1.85	1.77	1.82	2.10	1.36	2.02	-

Number of Matching Triply Charged Identified Ions Between Runs
	1	2	3	4	5	6	7	8	9	
1	-	44	53	55	45	53	50	48	53
2	44	-	47	46	43	45	42	45	44
3	53	47	-	58	45	59	56	51	61
4	55	46	58	-	47	58	57	52	63
5	45	43	45	47	-	45	44	47	45
6	53	45	59	58	45	-	55	48	59
7	50	42	56	57	44	55	-	50	59
8	48	45	51	52	47	48	50	-	51
9	53	44	61	63	45	59	59	51	-

Relative Deviations in MS1 Max For Triply Charged Matching Identified Ions Between Runs
	1	2	3	4	5	6	7	8	9	
1	-	2.21	1.94	1.67	1.90	1.69	1.63	2.22	1.75
2	2.26	-	2.52	2.26	1.67	2.00	1.76	1.70	2.38
3	1.94	2.52	-	1.66	2.06	1.47	1.52	2.89	1.87
4	1.67	2.26	1.67	-	2.08	1.70	1.55	2.05	2.16
5	1.90	1.67	2.06	2.08	-	1.84	1.90	1.59	2.34
6	1.69	2.00	1.47	1.70	1.84	-	1.78	2.73	2.15
7	1.63	1.76	1.50	1.55	1.94	1.78	-	2.30	1.45
8	2.39	1.70	2.89	2.08	1.59	2.83	2.33	-	2.38
9	1.75	2.26	1.87	2.16	2.34	2.15	1.45	2.38	-

Relative 2 * Deviations in MS1 Max For Matching Identified Ions Between Runs
	1	2	3	4	5	6	7	8	9	
1	-	3.84	3.08	2.87	3.78	2.75	2.53	3.35	3.26
2	3.84	-	3.81	3.75	2.59	3.99	3.39	3.00	3.46
3	3.08	3.81	-	2.85	3.78	2.46	2.66	4.58	2.76
4	2.87	3.75	2.89	-	2.86	2.87	2.45	3.51	3.32
5	3.82	2.59	3.82	2.86	-	3.84	3.85	2.57	4.50
6	2.75	3.99	2.46	2.87	3.84	-	3.14	4.08	3.59
7	2.53	3.41	2.66	2.46	3.85	3.14	-	3.21	2.11
8	3.35	2.97	4.59	3.51	2.57	4.07	3.21	-	3.98
9	3.20	3.46	2.77	3.33	4.48	3.59	2.11	3.98	-

Relative Deviations in MS1 Max at Different RT Quartiles For Matching Identified Ions Between Runs - Single Table
	1	2	3	4	5	6	7	8	9	
1	0.00,0.00 0.00 0.00 	2.49,0.99 0.76 1.06 	1.90,1.04 1.09 0.95 	1.76,1.06 0.98 1.26 	2.33,0.84 0.87 0.88 	1.49,1.22 1.22 1.57 	1.53,1.17 1.36 1.00 	2.14,0.99 0.81 1.20 	1.82,1.07 1.05 0.90 
2	2.21,1.05 1.00 0.99 	0.00,0.00 0.00 0.00 	2.57,0.86 0.84 0.72 	2.05,1.14 1.03 1.00 	1.91,0.90 0.81 1.15 	2.00,1.32 1.29 0.98 	1.95,0.97 1.11 0.93 	1.80,1.07 0.96 1.05 	2.82,0.71 0.72 0.63 
3	2.00,1.08 0.85 0.88 	2.39,0.75 0.92 0.97 	0.00,0.00 0.00 0.00 	2.15,0.84 0.75 0.71 	2.53,0.80 0.62 0.83 	1.84,0.86 0.82 0.84 	1.77,0.86 0.81 0.93 	3.29,0.75 0.65 0.66 	2.45,0.61 0.58 0.65 
4	1.68,1.16 1.13 1.02 	2.20,0.87 0.80 1.23 	2.01,0.83 0.92 0.74 	0.00,0.00 0.00 0.00 	2.00,1.13 0.94 1.10 	1.69,1.12 0.92 1.06 	1.84,0.93 0.78 0.91 	2.07,0.96 1.30 0.99 	1.80,0.95 1.00 1.33 
5	2.02,1.22 0.91 1.18 	1.74,1.00 0.97 0.93 	2.14,1.01 0.76 1.09 	2.07,0.99 1.02 0.96 	0.00,0.00 0.00 0.00 	1.85,1.47 1.00 0.95 	1.82,1.14 1.08 1.23 	1.83,0.84 0.91 0.94 	2.30,0.90 1.19 0.90 
6	1.51,1.18 1.21 1.65 	2.45,0.80 1.08 0.78 	1.75,1.04 0.80 0.86 	1.85,1.07 0.89 0.88 	2.03,1.21 0.87 1.09 	0.00,0.00 0.00 0.00 	1.87,1.20 1.13 0.84 	2.43,0.91 0.99 1.03 	2.78,0.88 0.71 0.65 
7	1.63,1.30 1.03 0.94 	2.06,1.12 0.86 1.20 	1.65,0.96 1.07 1.11 	1.58,1.08 0.90 1.10 	1.65,1.49 1.18 1.38 	2.07,1.00 0.95 0.97 	0.00,0.00 0.00 0.00 	2.01,1.15 1.02 1.39 	1.53,0.98 0.92 0.92 
8	2.15,1.05 1.02 0.93 	1.82,0.93 0.87 1.30 	2.78,0.84 0.85 0.92 	2.03,1.00 0.91 1.10 	1.57,1.01 1.04 1.24 	2.10,1.01 1.43 1.59 	2.24,0.93 1.01 1.11 	0.00,0.00 0.00 0.00 	2.25,1.13 1.13 0.80 
9	1.84,0.96 1.15 0.91 	2.07,1.08 1.01 0.85 	1.63,1.19 1.12 1.08 	1.69,1.15 1.08 1.14 	2.04,1.21 1.23 1.13 	2.06,1.09 0.97 1.24 	1.44,0.96 1.04 0.99 	2.41,0.82 1.21 0.73 	0.00,0.00 0.00 0.00 

Relative Deviations in MS1 Max at 1 RT Quartile For Matching Identified Ions Between Runs
	1	2	3	4	5	6	7	8	9	
1	0.00 	2.49 	1.90 	1.76 	2.33 	1.49 	1.53 	2.14 	1.82 
2	2.21 	0.00 	2.57 	2.05 	1.91 	2.00 	1.95 	1.80 	2.82 
3	2.00 	2.39 	0.00 	2.15 	2.53 	1.84 	1.77 	3.29 	2.45 
4	1.68 	2.20 	2.01 	0.00 	2.00 	1.69 	1.84 	2.07 	1.80 
5	2.02 	1.74 	2.14 	2.07 	0.00 	1.85 	1.82 	1.83 	2.30 
6	1.51 	2.45 	1.75 	1.85 	2.03 	0.00 	1.87 	2.43 	2.78 
7	1.63 	2.06 	1.65 	1.58 	1.65 	2.07 	0.00 	2.01 	1.53 
8	2.15 	1.82 	2.78 	2.03 	1.57 	2.10 	2.24 	0.00 	2.25 
9	1.84 	2.07 	1.63 	1.69 	2.04 	2.06 	1.44 	2.41 	0.00 

Relative Deviations in MS1 Max at 2 RT Quartile For Matching Identified Ions Between Runs
	1	2	3	4	5	6	7	8	9	
1	0.00 	2.45 	1.98 	1.86 	1.96 	1.82 	1.80 	2.11 	1.94 
2	2.32 	0.00 	2.21 	2.34 	1.71 	2.64 	1.90 	1.92 	2.00 
3	2.16 	1.79 	0.00 	1.82 	2.03 	1.58 	1.52 	2.48 	1.50 
4	1.95 	1.92 	1.67 	0.00 	2.25 	1.89 	1.70 	1.98 	1.72 
5	2.46 	1.74 	2.17 	2.04 	0.00 	2.73 	2.08 	1.54 	2.07 
6	1.79 	1.97 	1.82 	1.97 	2.46 	0.00 	2.24 	2.22 	2.44 
7	2.11 	2.30 	1.58 	1.71 	2.46 	2.07 	0.00 	2.32 	1.50 
8	2.27 	1.69 	2.33 	2.03 	1.60 	2.13 	2.08 	0.00 	2.55 
9	1.76 	2.25 	1.93 	1.94 	2.46 	2.24 	1.39 	1.97 	0.00 

Relative Deviations in MS1 Max at 3 RT Quartile For Matching Identified Ions Between Runs
	1	2	3	4	5	6	7	8	9	
1	0.00 	1.89 	2.06 	1.72 	2.03 	1.81 	2.08 	1.74 	1.91 
2	2.21 	0.00 	2.15 	2.10 	1.54 	2.57 	2.17 	1.73 	2.04 
3	1.70 	2.20 	0.00 	1.61 	1.57 	1.51 	1.43 	2.16 	1.41 
4	1.89 	1.75 	1.86 	0.00 	1.87 	1.55 	1.44 	2.69 	1.80 
5	1.84 	1.69 	1.63 	2.10 	0.00 	1.84 	1.97 	1.67 	2.75 
6	1.83 	2.65 	1.41 	1.64 	1.77 	0.00 	2.11 	2.40 	1.97 
7	1.67 	1.77 	1.76 	1.42 	1.95 	1.97 	0.00 	2.05 	1.41 
8	2.18 	1.58 	2.37 	1.84 	1.64 	3.02 	2.26 	0.00 	2.53 
9	2.11 	2.09 	1.83 	1.83 	2.51 	1.99 	1.50 	2.91 	0.00 

Relative Deviations in MS1 Max at 4 RT Quartile For Matching Identified Ions Between Runs
	1	2	3	4	5	6	7	8	9	
1	0.00 	2.64 	1.80 	2.22 	2.05 	2.34 	1.54 	2.58 	1.63 
2	2.19 	0.00 	1.84 	2.04 	2.19 	1.96 	1.82 	1.90 	1.77 
3	1.76 	2.32 	0.00 	1.53 	2.10 	1.55 	1.65 	2.17 	1.60 
4	1.72 	2.70 	1.49 	0.00 	2.20 	1.79 	1.67 	2.06 	2.39 
5	2.39 	1.62 	2.34 	1.99 	0.00 	1.77 	2.24 	1.73 	2.08 
6	2.50 	1.92 	1.50 	1.63 	2.21 	0.00 	1.57 	2.49 	1.82 
7	1.52 	2.46 	1.83 	1.75 	2.28 	2.02 	0.00 	2.79 	1.42 
8	2.00 	2.36 	2.55 	2.24 	1.95 	3.34 	2.49 	0.00 	1.81 
9	1.68 	1.75 	1.75 	1.93 	2.30 	2.56 	1.43 	1.76 	0.00 

Number of Excess Early Eluting Identified Species
	1	2	3	4	5	6	7	8	9	
1	0.0000	0.0144	0.0113	0.0081	0.0212	0.0096	-0.0229	0.0613	0.0174
2	-0.0144	0.0000	-0.0218	-0.0125	-0.0115	-0.0077	-0.0317	0.0322	-0.0180
3	-0.0113	0.0218	0.0000	0.0075	0.0316	-0.0080	-0.0164	0.0539	0.0092
4	-0.0081	0.0125	-0.0075	0.0000	-0.0061	0.0107	-0.0229	0.0575	-0.0125
5	-0.0212	0.0115	-0.0316	-0.0061	0.0000	-0.0179	-0.0239	0.0265	-0.0135
6	-0.0096	0.0077	0.0080	-0.0107	0.0179	0.0000	-0.0166	0.0768	0.0203
7	0.0229	0.0317	0.0164	0.0229	0.0239	0.0166	0.0000	0.0319	0.0164
8	-0.0613	-0.0322	-0.0539	-0.0575	-0.0265	-0.0768	-0.0319	0.0000	-0.0623
9	-0.0174	0.0180	-0.0092	0.0125	0.0135	-0.0203	-0.0164	0.0623	0.0000

Number of Excess Late Eluting Identified Species
	1	2	3	4	5	6	7	8	9	
1	0.0000	-0.0318	-0.0150	-0.0275	-0.0208	-0.0140	-0.0377	-0.0185	-0.0314
2	0.0318	0.0000	0.0200	0.0171	-0.0122	0.0206	0.0183	-0.0084	0.0150
3	0.0150	-0.0200	0.0000	0.0069	-0.0211	0.0095	-0.0160	-0.0125	-0.0153
4	0.0275	-0.0171	-0.0069	0.0000	-0.0293	0.0099	-0.0224	-0.0153	-0.0215
5	0.0208	0.0122	0.0211	0.0293	0.0000	0.0329	-0.0154	-0.0166	0.0053
6	0.0140	-0.0206	-0.0095	-0.0099	-0.0329	0.0000	-0.0249	-0.0214	-0.0246
7	0.0377	-0.0183	0.0160	0.0224	0.0154	0.0249	0.0000	-0.0229	0.0130
8	0.0185	0.0084	0.0125	0.0153	0.0166	0.0214	0.0229	0.0000	0.0196
9	0.0314	-0.0150	0.0153	0.0215	-0.0053	0.0246	-0.0130	-0.0196	0.0000

Peak widths at half max at RT deciles
Decile	1	2	3	4	5	6	7	8	9	10	
Run 1	0.72	0.60	0.25	0.63	0.73	0.22	0.34	0.33	0.37	0.31	
Run 2	0.16	0.33	0.28	0.56	0.35	0.31	0.30	0.24	0.26	0.30	
Run 3	0.26	0.28	0.32	0.43	0.45	0.40	0.33	0.40	0.29	0.33	
Run 4	0.18	0.28	0.30	0.41	0.22	0.40	0.31	0.35	0.33	0.38	
Run 5	0.17	0.29	0.26	0.33	0.26	0.30	0.28	0.26	0.26	0.21	
Run 6	0.38	0.38	0.35	0.28	0.62	0.34	0.29	0.35	0.34	0.29	
Run 7	0.36	0.34	0.28	0.58	0.27	0.41	0.36	0.35	0.38	0.37	
Run 8	0.31	0.16	0.27	0.68	0.35	0.32	0.29	0.27	0.32	0.27	
Run 9	0.13	0.32	0.29	0.51	0.47	0.31	0.29	0.29	0.35	0.41	

RT peptide deciles
1	20.0	26.1	31.6	35.4	40.5	45.5	53.8	61.8	71.8	93.6	
2	18.7	27.0	34.2	39.1	44.9	47.3	58.8	65.3	73.7	91.9	
3	18.9	25.4	31.9	37.2	42.1	46.9	57.3	65.8	74.1	91.6	
4	17.2	25.6	31.2	36.7	41.4	46.3	56.4	65.2	74.0	90.8	
5	23.2	30.0	36.4	38.8	44.3	52.8	59.8	69.3	74.1	90.0	
6	18.6	24.2	28.9	36.6	40.2	46.6	57.1	65.2	74.0	90.8	
7	17.4	24.7	31.5	36.2	41.0	46.0	56.8	65.0	73.9	90.0	
8	23.0	29.9	34.4	38.6	45.1	52.2	59.2	67.9	73.8	139.0	
9	17.2	23.2	30.3	35.7	40.3	45.5	56.4	64.6	73.8	139.5	

Oversampling vs RT
1	0.78	1.18	1.11	0.98	0.91	0.88	1.10	1.18	0.87	1.01	
2	0.82	1.45	1.11	0.81	0.96	0.57	1.57	0.62	1.20	0.89	
3	0.57	0.93	1.13	0.94	0.79	0.86	1.53	1.17	1.06	1.01	
4	0.56	1.08	0.97	1.06	0.79	0.83	1.47	1.16	1.16	0.92	
5	1.34	1.05	0.87	0.38	0.92	1.47	1.14	1.10	0.72	1.00	
6	1.00	0.90	1.06	1.18	0.56	0.91	1.35	1.07	0.92	1.05	
7	0.44	1.12	0.89	0.88	0.84	0.97	1.55	1.11	1.13	1.08	
8	0.81	0.89	0.78	0.78	1.17	1.14	1.18	1.14	0.89	1.22	
9	0.54	0.74	0.92	1.06	0.93	0.83	1.48	1.17	1.26	1.07	

Retention Time Decile Intervals
1	19.58	7.10	5.83	5.26	4.85	4.52	12.19	8.92	22.10	
2	23.49	7.99	6.83	2.38	4.66	10.58	6.38	10.17	19.45	
3	18.22	7.69	6.56	5.37	4.48	9.32	7.94	9.04	14.79	
4	17.66	8.02	6.26	5.63	6.90	9.45	6.06	12.82	17.23	
5	23.29	8.30	5.33	4.49	5.25	11.24	8.65	7.38	0.00	
6	18.78	5.55	6.30	6.58	4.68	6.03	11.49	9.29	10.07	
7	17.45	7.30	6.79	4.53	5.23	5.91	11.24	10.67	7.92	
8	23.60	7.68	5.10	3.03	6.71	8.60	9.79	8.07	14.94	
9	22.55	1.47	6.91	4.75	5.05	5.20	11.44	7.98	10.37	

Matching Low:High RT Peptide Ions
Run	1	2	3	4	5	6	7	8	9	
1	0.00:0.00	1.06:0.25	0.95:0.14	0.98:0.11	1.06:0.24	0.96:0.02	1.00:0.14	1.00:0.31	1.07:0.09	
2	1.06:0.25	0.00:0.00	1.16:0.08	1.17:0.08	1.05:0.03	1.14:0.19	1.14:0.08	1.07:0.02	1.19:0.11	
3	0.95:0.14	1.16:0.08	0.00:0.00	1.04:0.02	1.11:0.11	1.04:0.08	1.02:0.02	1.05:0.12	1.06:0.04	
4	0.98:0.11	1.17:0.08	1.04:0.02	0.00:0.00	1.11:0.14	1.02:0.09	1.06:0.02	1.10:0.15	1.10:0.02	
5	1.06:0.24	1.05:0.03	1.11:0.11	1.11:0.14	0.00:0.00	1.08:0.16	1.11:0.11	1.08:0.05	1.19:0.17	
6	0.96:0.02	1.14:0.19	1.04:0.08	1.02:0.09	1.08:0.16	0.00:0.00	1.16:0.11	1.14:0.24	1.10:0.06	
7	1.00:0.14	1.14:0.08	1.02:0.02	1.06:0.02	1.11:0.11	1.16:0.11	0.00:0.00	1.05:0.12	1.08:0.06	
8	1.00:0.31	1.07:0.02	1.05:0.12	1.10:0.15	1.08:0.05	1.14:0.24	1.05:0.12	0.00:0.00	1.10:0.17	
9	1.07:0.09	1.19:0.11	1.06:0.04	1.10:0.02	1.19:0.17	1.10:0.06	1.08:0.06	1.10:0.17	0.00:0.00	

RT Median Differences for Matching Peptides
Run	1	2	3	4	5	6	7	8	9	
Median
1	0.00	0.41	0.46	0.83	0.68	0.73	1.36	1.25	1.56	
2	-0.41	0.00	0.06	0.70	0.63	0.16	1.04	0.98	1.22	
3	-0.46	-0.06	0.00	0.53	0.55	0.16	1.05	0.92	1.20	
4	-0.83	-0.70	-0.53	0.00	0.01	-0.42	0.41	0.39	0.59	
5	-0.68	-0.63	-0.55	-0.01	0.00	-0.42	0.45	0.32	0.57	
6	-0.73	-0.16	-0.16	0.42	0.42	0.00	0.87	0.79	1.08	
7	-1.36	-1.04	-1.05	-0.41	-0.45	-0.87	0.00	-0.08	0.15	
8	-1.25	-0.98	-0.92	-0.39	-0.32	-0.79	0.08	0.00	0.24	
9	-1.56	-1.22	-1.20	-0.59	-0.57	-1.08	-0.15	-0.24	0.00	

Median Dev
1	0.0	-0.1	-0.1	0.1	0.3	-0.2	0.0	0.0	-0.0	
2	-0.6	0.0	0.0	-0.0	0.0	0.0	-0.1	0.1	0.0	
3	-0.6	-0.2	0.0	0.1	0.0	-0.0	0.0	0.0	-0.0	
4	-0.5	-0.4	-0.3	0.0	-0.0	-0.0	0.1	-0.1	-0.0	
5	-0.6	-0.3	-0.3	-0.2	0.0	-0.0	0.0	-0.0	0.1	
6	-0.7	-0.2	-0.1	-0.4	-0.4	0.0	0.0	0.0	0.0	
7	-0.7	-0.4	-0.3	-0.3	-0.3	-0.2	0.0	0.0	-0.0	
8	-0.6	-0.3	-0.3	-0.4	-0.3	-0.3	-0.2	0.0	0.0	
9	-0.6	-0.4	-0.3	-0.3	-0.3	-0.3	-0.2	-0.2	0.0	

Median Skew
1	0.0	1.2	1.2	1.0	1.2	1.3	1.4	1.2	1.1	
2	0.3	0.0	0.4	0.8	0.6	0.4	0.7	0.7	0.7	
3	0.1	-0.0	0.0	0.6	0.6	0.3	0.5	0.5	0.5	
4	-0.3	0.1	-0.1	0.0	0.4	0.7	0.5	0.7	0.6	
5	-0.5	0.0	-0.0	0.1	0.0	0.8	0.6	0.6	0.7	
6	0.4	-0.0	0.0	0.1	0.1	0.0	0.4	0.5	0.6	
7	-0.1	0.1	-0.0	-0.1	-0.0	-0.1	0.0	0.4	0.3	
8	-0.1	-0.1	-0.1	0.1	0.1	-0.1	-0.0	0.0	0.5	
9	0.0	-0.1	0.0	0.0	-0.2	-0.1	0.0	-0.0	0.0	

Fraction of 1 RT Decile Peps In Common
1	0.00	1.08	1.09	1.06	1.05	1.18	0.87	0.74	0.86		0.99
2	1.22	0.00	0.94	0.99	0.96	1.16	0.98	0.81	0.94		1.00
3	1.20	0.71	0.00	1.11	0.71	1.08	0.98	0.65	0.93		0.92
4	1.17	0.99	1.11	0.00	1.11	1.11	0.90	0.80	0.88		1.01
5	1.32	1.08	1.07	1.23	0.00	1.20	1.10	0.84	1.06		1.11
6	1.18	1.05	0.98	1.01	0.96	0.00	0.78	0.68	0.74		0.92
7	0.98	0.98	0.98	0.90	0.98	0.88	0.00	0.90	0.97		0.95
8	1.11	1.05	1.08	1.02	0.96	1.02	1.12	0.00	1.05		1.05
9	0.97	0.94	0.93	0.88	0.94	0.93	0.97	0.84	0.00		0.93
Avg	1.14	0.98	1.02	1.03	0.96	1.07	0.96	0.78	0.93	

Fraction of 2 RT Decile Peps In Common
1	0.00	0.68	0.87	0.96	0.79	1.08	0.98	0.74	0.97		0.88
2	1.35	0.00	1.06	1.23	1.08	1.16	1.10	1.16	1.06		1.15
3	0.98	0.71	0.00	0.81	0.83	0.98	0.98	0.86	1.03		0.90
4	1.06	0.62	0.81	0.00	0.62	1.11	1.10	0.68	1.08		0.88
5	1.32	1.08	1.07	1.11	0.00	1.20	1.10	1.08	1.06		1.13
6	0.86	0.47	0.88	0.81	0.60	0.00	0.88	0.45	1.02		0.75
7	1.09	0.49	0.88	1.10	0.61	1.08	0.00	0.56	1.06		0.86
8	1.36	1.05	1.08	1.14	0.96	1.14	1.01	0.00	0.95		1.08
9	0.75	0.24	0.65	0.78	0.35	0.93	0.80	0.21	0.00		0.59
Avg	1.10	0.66	0.91	0.99	0.73	1.08	0.99	0.72	1.03	

Fraction of 3 RT Decile Peps In Common
1	0.00	0.81	1.20	1.17	0.66	1.08	1.09	0.99	1.08		1.01
2	1.22	0.00	1.06	1.11	1.08	1.05	1.22	1.05	1.06		1.11
3	1.30	0.94	0.00	1.21	0.71	1.08	1.08	0.97	1.03		1.04
4	1.17	0.86	1.11	0.00	0.62	1.01	1.00	0.91	0.98		0.96
5	1.18	1.20	1.07	1.11	0.00	1.08	1.22	1.08	1.06		1.13
6	1.18	0.70	0.88	1.11	0.60	0.00	0.98	0.91	1.02		0.92
7	1.20	0.98	1.18	1.10	0.73	1.08	0.00	1.01	1.06		1.04
8	1.36	1.16	1.08	1.14	1.08	1.14	1.24	0.00	1.16		1.17
9	1.18	0.82	1.12	1.08	0.71	1.02	1.06	0.95	0.00		0.99
Avg	1.22	0.94	1.09	1.13	0.77	1.07	1.11	0.98	1.05	

Fraction of 4 RT Decile Peps In Common
1	0.00	1.35	1.09	1.06	1.18	1.08	1.20	1.36	1.18		1.19
2	0.81	0.00	1.18	0.86	1.08	1.05	0.98	1.16	1.18		1.04
3	1.09	1.41	0.00	1.01	1.31	1.08	1.08	1.29	1.12		1.17
4	1.17	1.36	1.11	0.00	1.36	1.11	1.10	1.36	1.18		1.22
5	0.92	1.08	1.19	0.99	0.00	1.20	0.98	1.20	1.18		1.09
6	1.29	1.40	1.18	1.21	1.33	0.00	1.18	1.36	1.11		1.26
7	1.09	1.34	0.98	0.90	1.22	0.88	0.00	1.24	0.97		1.08
8	0.74	0.93	1.08	0.91	0.96	1.02	0.90	0.00	1.16		0.96
9	1.29	1.29	1.03	1.08	1.18	1.02	1.06	1.26	0.00		1.15
Avg	1.05	1.27	1.10	1.00	1.20	1.05	1.06	1.28	1.13	

Fraction of 5 RT Decile Peps In Common
1	0.00	1.08	1.20	1.17	1.32	1.08	1.20	1.36	1.18		1.20
2	1.35	0.00	1.18	1.23	1.20	1.16	1.22	1.16	1.18		1.21
3	0.98	0.82	0.00	1.01	1.07	1.08	1.08	1.08	1.12		1.03
4	1.17	0.99	1.21	0.00	1.23	1.11	1.20	1.25	1.18		1.17
5	1.32	1.08	1.19	1.23	0.00	1.08	1.22	1.20	1.18		1.19
6	0.97	1.16	1.18	1.01	1.33	0.00	0.98	1.36	1.11		1.14
7	0.98	0.85	1.08	1.00	1.10	0.98	0.00	1.12	0.97		1.01
8	1.36	1.16	1.18	1.25	1.33	1.14	1.24	0.00	1.16		1.23
9	0.75	1.06	1.12	0.88	1.06	1.02	0.88	1.26	0.00		1.01
Avg	1.11	1.03	1.17	1.10	1.20	1.08	1.13	1.23	1.13	

Fraction of 6 RT Decile Peps In Common
1	0.00	1.22	1.09	1.17	1.18	1.18	1.20	1.11	1.18		1.17
2	1.08	0.00	1.18	1.23	1.20	1.16	1.22	1.16	1.18		1.18
3	1.20	1.29	0.00	1.11	1.31	1.08	1.08	1.18	1.12		1.17
4	1.28	1.36	1.11	0.00	1.36	1.21	1.20	1.25	1.18		1.24
5	1.18	1.20	1.19	1.23	0.00	1.20	1.22	1.20	1.18		1.20
6	1.18	1.05	1.08	1.11	1.08	0.00	1.18	1.02	1.11		1.10
7	1.30	1.22	1.08	1.20	1.22	1.18	0.00	1.12	1.06		1.17
8	0.86	0.93	0.86	0.91	0.96	0.91	0.90	0.00	0.95		0.91
9	1.51	1.29	1.21	1.37	1.41	1.20	1.24	1.26	0.00		1.31
Avg	1.20	1.20	1.10	1.17	1.22	1.14	1.15	1.17	1.12	

Fraction of 7 RT Decile Peps In Common
1	0.00	1.35	1.20	1.17	1.32	1.08	1.20	1.23	1.18		1.22
2	1.22	0.00	1.18	1.23	1.08	1.05	1.22	1.16	1.18		1.16
3	0.98	1.18	0.00	1.11	1.07	0.98	1.08	1.08	1.03		1.06
4	0.85	1.23	1.11	0.00	1.11	1.01	1.10	1.14	1.18		1.09
5	0.92	1.08	1.07	0.99	0.00	0.84	0.98	1.20	1.06		1.02
6	1.08	1.28	1.18	1.21	1.33	0.00	1.18	1.25	1.11		1.20
7	0.98	1.10	0.98	1.00	1.10	0.98	0.00	1.01	1.06		1.03
8	1.11	1.28	1.18	1.25	1.20	1.14	1.24	0.00	1.16		1.19
9	0.86	0.94	0.93	0.98	0.94	0.93	0.97	0.95	0.00		0.94
Avg	1.00	1.18	1.10	1.12	1.14	1.00	1.12	1.13	1.12	

Fraction of 8 RT Decile Peps In Common
1	0.00	1.08	1.09	1.06	1.05	1.08	1.09	1.11	1.08		1.08
2	0.81	0.00	1.06	0.86	1.08	1.05	0.85	1.05	1.06		0.98
3	0.98	1.06	0.00	1.01	1.07	1.08	1.08	1.08	1.12		1.06
4	1.28	1.11	1.21	0.00	1.11	1.21	1.20	1.25	1.18		1.19
5	0.79	1.20	1.07	1.11	0.00	1.20	1.10	1.20	1.06		1.09
6	0.86	0.93	0.98	0.91	0.72	0.00	1.08	0.91	1.11		0.94
7	0.98	1.10	1.18	1.10	0.98	1.18	0.00	1.12	1.06		1.09
8	0.99	0.93	1.08	0.91	1.08	1.02	0.90	0.00	0.95		0.98
9	1.18	1.41	1.21	1.27	1.18	1.20	1.15	1.26	0.00		1.23
Avg	0.98	1.10	1.11	1.03	1.03	1.13	1.06	1.12	1.08	

Fraction of 9 RT Decile Peps In Common
1	0.00	1.22	1.09	1.06	1.32	1.08	1.09	1.23	1.18		1.16
2	0.95	0.00	1.06	1.11	1.20	1.16	1.22	1.16	1.18		1.13
3	0.98	1.29	0.00	1.11	1.31	1.18	1.08	1.29	1.03		1.16
4	0.74	1.23	1.01	0.00	1.36	1.01	1.10	1.14	1.08		1.08
5	1.05	0.96	1.07	0.99	0.00	0.96	1.10	0.96	1.18		1.03
6	0.86	1.28	1.08	1.11	1.33	0.00	1.08	1.36	1.02		1.14
7	0.98	1.34	1.08	1.20	1.34	1.18	0.00	1.35	1.06		1.19
8	0.86	1.16	1.08	1.14	1.20	1.25	1.24	0.00	1.16		1.14
9	0.86	1.29	1.12	1.08	1.29	1.11	1.06	1.26	0.00		1.14
Avg	0.91	1.22	1.07	1.10	1.29	1.12	1.12	1.22	1.11	

Fraction of 10 RT Decile Peps In Common
1	0.00	0.14	0.11	0.11	0.13	0.11	0.11	0.12	0.11		0.12
2	0.00	0.00	0.12	0.12	0.00	0.00	0.00	0.12	0.00		0.04
3	0.33	0.59	0.00	0.51	0.60	0.39	0.49	0.54	0.47		0.49
4	0.11	0.25	0.20	0.00	0.12	0.10	0.10	0.23	0.10		0.15
5	0.00	0.00	0.00	0.00	0.00	0.00	0.00	0.00	0.00		0.00
6	0.54	0.70	0.59	0.51	0.72	0.00	0.69	0.68	0.65		0.63
7	0.43	0.61	0.59	0.50	0.73	0.59	0.00	0.56	0.71		0.59
8	0.25	0.35	0.32	0.34	0.24	0.23	0.22	0.00	0.32		0.28
9	0.65	0.71	0.65	0.59	0.94	0.65	0.80	0.74	0.00		0.71
Avg	0.29	0.42	0.32	0.33	0.44	0.26	0.30	0.37	0.29	

End Interrun and Decile Results

Ab Deviation vs Difference in Run Order
Lab 1	1	2	3	4	5	6	7	8	
AvgDel	2.07	2.00	1.76	2.02	2.09	1.80	2.13	1.86	
MedDel	2.18	2.04	1.70	2.04	2.15	1.74	2.18	1.86	
Diff1	2.18	2.25	1.75	2.04	1.95	1.97	2.19	2.21	
Diff2	2.04	2.18	2.06	1.76	1.94	2.50	1.48	
Diff3	1.81	1.70	1.60	1.65	1.68	2.13	
Diff4	1.97	2.04	1.68	2.32	2.10	

Median RT Rank vs Difference in Run Order
Ab Deviation vs Difference in Run Order - 
AvgDel	1.06	1.05	1.08	1.16	1.27	1.15	1.80	0.86	
MedDel	0.99	0.87	0.84	1.24	1.12	1.09	1.91	0.86	
Diff1	1.54	1.47	0.59	0.94	0.70	0.94	1.30	0.99	
Diff2	1.17	1.93	0.38	0.81	0.87	1.53	0.69	
Diff3	0.90	2.61	0.54	0.84	0.75	0.82	
Diff4	1.24	1.54	0.80	1.33	0.89	


Begin Runseries Results

Begin Series=1

Files Analyzed (9)
1	BSA_20_captivespray.RAW.MGF.TSV
2	BSA_30_captivespray.RAW.MGF.TSV
3	BSA_100_captivespray.RAW.MGF.TSV
4	BSA_20_captivespray_100616013105.RAW.MGF.TSV
5	BSA_30_captivespray_100616041417.RAW.MGF.TSV
6	BSA_100_captivespray_100616065728.RAW.MGF.TSV
7	BSA_20_captivespray_100616094038.RAW.MGF.TSV
8	BSA_30_captivespray_100616122350.RAW.MGF.TSV
9	BSA_100_captivespray_100616150702.RAW.MGF.TSV

Run Number	1	2	3	4	5	6	7	8	9	

Spectrum Counts
MS2 Scans	19607	19396	19287	19319	19411	19486	19602	19452	19396	
MS1 Scans/Full	4987	4896	4879	4896	4921	4918	4949	4935	4888	
MS1 Scans/Other	0	0	0	0	0	0	0	0	0	

First and Last MS1 RT (min)
First MS1	2.00	2.00	2.00	2.00	2.00	2.00	2.00	2.00	2.00	
Last MS1 	147.98	147.99	147.99	147.98	148.00	147.98	147.99	147.97	147.97	

Tryptic Peptide Counts
Peptides  	77	69	80	79	68	80	77	78	80	
Ions    	158	136	164	167	130	165	162	146	168	
Identifications	650	549	774	738	546	848	857	627	888	
Abundance Pct	99.61	97.72	99.15	98.85	98.85	99.17	98.56	99.14	98.89	
Abundance/1000	3815542	1966904	2800740	3118002	1856783	3537921	4088692	2154553	5097695	
Ions/Peptide	2.05	1.97	2.05	2.11	1.91	2.06	2.10	1.87	2.10	
IDs/Peptide	8.44	7.96	9.68	9.34	8.03	10.60	11.13	8.04	11.10	

Peptide Counts
Peptides  	101	91	114	110	90	115	117	103	138	
Ions    	186	163	205	204	155	205	208	176	235	
Identifications	703	594	860	822	598	933	968	694	1040	
Semi/Tryp Peps	0.312	0.319	0.425	0.392	0.324	0.438	0.519	0.321	0.725	
Semi/Tryp Cnts	0.082	0.082	0.111	0.114	0.095	0.100	0.130	0.107	0.171	
Semi/Tryp Abund	0.004	0.023	0.009	0.012	0.012	0.008	0.015	0.009	0.011	
Miss/Tryp Peps	0.779	0.754	0.800	0.797	0.765	0.762	0.831	0.756	0.925	
Miss/Tryp Cnts	0.705	0.730	0.696	0.701	0.734	0.683	0.685	0.707	0.671	
Miss/Tryp Abund	0.623	0.769	0.623	0.656	0.648	0.630	0.625	0.698	0.590	
Net Oversample	9.13	8.61	10.75	10.41	8.79	11.66	12.57	8.90	13.00	
Ions/Peptide	1.84	1.79	1.80	1.85	1.72	1.78	1.78	1.71	1.70	
IDs/Peptide	6.96	6.53	7.54	7.47	6.64	8.11	8.27	6.74	7.54	

Middle Peptide Retention Time Period (min)
Half Period	29.93	30.52	29.65	31.02	33.14	33.55	29.61	33.02	35.72	
Start Time	28.14	32.09	30.20	27.90	31.98	25.68	29.32	31.49	23.81	
Mid Time	40.47	44.89	41.86	41.45	44.33	40.09	40.95	45.09	40.35	
Qratio Time	1.43	1.38	1.54	1.29	1.68	1.33	1.55	1.43	1.16	
MS2 scans	3942	3959	3823	4019	4299	4379	3962	4350	4679	
MS1 Scans	1014	1064	1015	997	994	1130	1006	1013	1021	
Pep ID Rate	1.69	1.49	1.92	1.77	1.36	1.71	1.98	1.56	1.93	
ID Rate 	11.13	9.60	13.86	13.15	9.23	13.59	16.07	11.36	16.24	
ID Efficiency	0.08	0.07	0.11	0.10	0.07	0.10	0.12	0.09	0.12	

MS1 During Middle (and Early) Peptide Retention Period
S/N Median	341.1	331.7	299.5	338.8	585.3	505.2	2092.0	1216.9	516.8	
TIC Median/1000	47033	38337	44208	45472	50116	41033	131414	79728	70228	
Npeaks Median	1567	1239	1284	1260	1246	999	1257	1464	1438	
Scan-to-Scan	1.164	1.130	1.064	1.076	1.058	1.086	1.073	1.037	1.074	
S2S-3Q/Med	2.508	3.604	2.294	2.208	2.794	3.392	2.616	2.811	2.709	
S2S-1Qrt/Med	1.422	2.320	3.731	2.851	2.376	4.867	0.255	0.677	0.473	
S2S-2Qrt/Med	1.251	2.604	0.968	0.925	0.937	1.029	1.080	0.968	0.960	
S2S-3Qrt/Med	0.676	0.480	0.958	1.025	1.180	0.778	0.918	1.104	1.054	
S2S-4Qrt/Med	2.033	0.315	0.673	0.750	1.028	0.485	0.984	1.364	1.001	
ESI Off Middle	0.000	0.000	0.000	0.000	0.000	0.000	0.003	0.000	0.000	
ESI Off Early	0.000	0.000	0.000	0.000	0.000	0.000	0.002	0.000	0.000	
Max MS1 Jump	64.96	80.25	180.56	247.51	112.83	546.40	145.92	130.65	437.47	
Max MS1 Fall	55.43	94.81	231.63	83.03	156.19	254.26	313.20	251.57	266.87	
MS1 Jumps >10x	4	19	20	20	15	19	14	14	21	
MS1 Falls >10x	4	23	18	18	19	21	11	16	20	

MS1 Total Ion Current For Different RT Periods
1st Quart ID	0.02	0.03	0.04	0.04	0.04	0.05	0.12	0.12	0.07	
Middle ID	0.06	0.09	0.10	0.11	0.10	0.11	0.20	0.15	0.18	
Last ID Quart	0.26	0.25	0.26	0.31	0.32	0.30	0.51	0.46	0.44	
To End of Run	0.74	0.75	0.74	0.69	0.68	0.70	0.49	0.54	0.56	

Total Ion Current For IDs at Peak Maxima
Med TIC ID/1000	111453	89618	86577	93383	95938	99780	183092	119178	138277	
InterQ TIC	3.04	2.97	3.55	3.12	2.53	3.67	2.09	2.61	4.17	
Mid InterQ TIC	3.04	2.97	3.55	3.12	2.53	3.67	2.09	2.61	4.17	

Precursor m/z for IDs
Median  	653.80	651.83	650.13	651.83	643.27	643.27	658.32	650.13	642.36	
Half Width	324.61	321.80	306.47	314.51	319.46	313.41	316.79	313.93	313.97	
Quart Ratio	1.625	1.629	1.586	1.606	1.622	1.607	1.603	1.611	1.611	
Precursor Min	313.2	313.2	313.2	313.2	313.2	313.2	313.2	303.0	313.2	
Precursor Max	1724.8	1246.6	1479.8	1479.8	1419.7	1479.8	1479.8	1567.7	1567.7	
Med @ Q1 TIC	734.0	689.4	720.4	703.6	714.5	689.4	740.4	717.6	784.4	
Med @ Q4 TIC	605.6	627.6	562.3	599.3	562.7	584.2	622.5	627.6	617.5	
Med @ Q1 RT	551.8	529.7	554.3	552.9	523.2	567.8	562.3	562.3	552.9	
Med @ Q4 RT	827.9	827.9	738.4	745.8	784.4	738.1	784.4	745.4	756.4	
Med Charge +1	997.6	764.4	927.5	927.5	948.5	900.5	900.5	803.5	803.5	
Med Charge +2	722.3	708.3	720.4	720.4	710.4	708.3	720.4	700.4	708.9	
Med Charge +3	630.3	630.3	608.6	605.6	605.6	627.6	634.0	627.6	605.6	
Med Charge +4	625.3	624.1	631.8	636.0	623.8	623.8	636.0	625.3	625.3	

Number of Ions vs Charge
Charge +1	22	20	20	22	19	22	22	21	24	
Charge +2	58	49	63	62	43	65	73	50	81	
Charge +3	57	49	69	66	50	65	64	56	72	
Charge +4	41	39	45	47	38	45	44	40	47	
Charge +5	8	6	8	7	5	8	5	9	11	

Averages vs RT for IDed Peptides
Length Q1	13.19	13.88	13.81	13.43	12.92	12.87	13.63	13.48	13.24	
Length Q4	18.24	19.13	18.04	18.33	18.66	18.37	18.21	18.55	17.29	
Charge Q1	2.89	2.98	2.90	2.82	2.90	2.73	2.90	2.86	2.88	
Charge Q4	2.89	2.92	2.88	2.90	2.87	2.92	2.79	2.95	2.78	

Precursor m/z - Peptide Ion m/z (+2 Charge Only, Reject >0.45 m/z)
Spectra 	205	156	238	220	150	270	281	171	319	
Median  	-0.0009	-0.0018	-0.0011	-0.0008	-0.0010	-0.0012	-0.0007	-0.0007	-0.0008	
Mean Absolute	0.0147	0.0027	0.0063	0.0153	0.0021	0.0093	0.0091	0.0021	0.0050	
ppm Median	-1.35	-3.26	-1.78	-1.37	-1.60	-1.80	-1.13	-0.99	-1.17	
ppm InterQ	4.78	5.05	4.93	3.86	4.36	4.66	3.47	5.13	3.47	

Ion IDs by Charge State (Relative to +2)
+2 Ion Count	58	49	63	62	43	65	73	50	81	
Charge +1	0.379	0.408	0.317	0.355	0.442	0.338	0.301	0.420	0.296	
Charge +2	1.000	1.000	1.000	1.000	1.000	1.000	1.000	1.000	1.000	
Charge +3	0.983	1.000	1.095	1.065	1.163	1.000	0.877	1.120	0.889	
Charge +4	0.707	0.796	0.714	0.758	0.884	0.692	0.603	0.800	0.580	

Average Peptide Lengths for Different Charge States
Charge +1	8.77	7.15	7.85	7.95	7.68	7.64	7.45	7.19	7.50	
Charge +2	12.03	11.88	11.78	11.84	12.07	11.71	12.04	11.94	11.96	
Charge +3	16.51	16.35	16.40	16.34	16.02	16.59	16.84	16.30	16.34	
Charge +4	20.76	20.77	21.47	21.70	20.61	20.80	21.98	21.25	21.28	

Average Peptide Lengths For Charge 2 for Different Numbers of Mobile Protons
NAA,Ch=2,MP=-1	12.57	12.17	12.50	12.17	12.00	12.17	12.86	11.40	12.57	
NAA,Ch=2,MP=0	13.04	13.79	13.45	12.74	13.65	13.22	13.39	13.38	13.24	
NAA,Ch=2,MP=1	11.11	10.36	10.67	11.04	10.95	10.74	10.76	10.91	10.84	
NAA,Ch=2,MP=2	10.00	9.50	9.50	9.50	9.50	9.50	9.50	9.50	9.50	

Numbers of Ion Ids at Different Charges with 1 Mobile Proton
Ch=1 MP=1	1	2	1	1	1	2	1	1	2	
Ch=2 MP=1	27	22	33	27	19	34	33	22	38	
Ch=3 MP=1	24	21	30	27	21	26	27	27	31	
Ch=4 MP=1	22	20	22	23	20	24	20	21	24	

Percent of IDs at Different Charges and Mobile Protons Relative to IDs with 1 Mobile Proton
Ch=1 MP=-1	200.0	50.0	100.0	200.0	200.0	150.0	200.0	0.0	50.0	
Ch=1 MP=0	1900.0	850.0	1800.0	1900.0	1600.0	850.0	1900.0	2000.0	1050.0	
Ch=1 MP=1	100.0	100.0	100.0	100.0	100.0	100.0	100.0	100.0	100.0	
Ch=2 MP=-1	25.9	27.3	18.2	22.2	26.3	17.6	21.2	22.7	18.4	
Ch=2 MP=0	85.2	86.4	66.7	100.0	89.5	67.6	93.9	95.5	89.5	
Ch=2 MP=1	100.0	100.0	100.0	100.0	100.0	100.0	100.0	100.0	100.0	
Ch=3 MP=-1	16.7	4.8	20.0	14.8	9.5	26.9	22.2	7.4	16.1	
Ch=3 MP=0	95.8	109.5	86.7	92.6	100.0	92.3	85.2	74.1	80.6	
Ch=3 MP=1	100.0	100.0	100.0	100.0	100.0	100.0	100.0	100.0	100.0	

Precursor m/z - Monoisotope Exact m/z
More Than 100	84	59	65	94	57	91	96	78	106	
Betw 100.0-50.0	49	46	49	33	38	45	44	37	47	
Betw 50.0-25.0	38	34	48	40	33	49	50	34	51	
Betw 25.0-12.5	14	21	32	31	23	19	17	21	27	
Betw 12.5-6.3	1	2	10	5	3	1	1	6	4	
Betw 6.3-3.1	0	1	1	1	1	0	0	0	0	
Betw 3.1-1.6	0	0	0	0	0	0	0	0	0	
Betw 1.6-0.8	0	0	0	0	0	0	0	0	0	
Top Half	5	1	5	3	2	5	4	11	10	
Next Half (2)	16	10	6	13	7	7	13	14	11	
Next Half (3)	20	12	14	17	9	19	24	23	24	
Next Half (4)	43	21	17	37	23	20	34	32	36	
Next Half (5)	49	40	37	42	31	43	48	37	43	
Next Half (6)	38	41	50	35	34	45	44	34	58	
Next Half (7)	14	24	43	41	39	48	36	21	39	
Next Half (8)	0	0	0	0	0	0	0	0	0	

MS2 ID Spectra
NPeaks Median	322	267	252	278	267	284	285	287	295	
NPeaks InterQ	1.92	1.93	1.81	1.88	1.96	1.68	1.83	1.81	1.86	
S/N Median	90.66	69.31	61.91	87.96	67.28	77.35	86.51	78.80	78.27	
S/N InterQ	3.92	4.51	4.26	6.35	5.65	4.95	5.99	5.37	5.52	
ID Score Median	0.628	0.626	0.646	0.626	0.617	0.659	0.666	0.615	0.661	
ID Score InterQ	0.190	0.163	0.195	0.217	0.199	0.197	0.186	0.185	0.188	
IDSc Med Q1Msmx	0.704	0.681	0.699	0.710	0.743	0.730	0.756	0.683	0.728	

MS1 ID Max
Median  	2559796	1835191	1987530	2341626	2143665	2682240	2233411	1647477	1714998	
Half Width	20556009	12022166	12742757	18812912	14647323	19680556	16212735	10840344	16463168	
Quart Ratio	37.28	28.53	33.87	47.66	37.65	50.08	34.15	24.84	37.10	
Median MidRT	2559796	2291688	2306953	1844147	2178420	2869175	2959809	3179003	1714998	
75/25 MidRT	26.6	22.0	34.7	52.0	37.8	53.8	40.3	24.2	30.8	
95/5 MidRT	493.9	402.4	608.3	477.2	433.6	720.3	551.4	306.6	678.4	
75/25 Pctile	37.3	28.5	33.9	47.7	37.6	50.1	34.2	24.8	37.1	
95/5 Pctile	691.1	702.9	857.0	642.2	487.3	747.7	1042.2	579.3	1181.3	

MS1 ID Abund at MS2 Acquisition
Median  	446974	353846	331881	433288	332160	415625	444908	371056	487597	
Half Width	1269461	828457	822988	889098	768801	948479	1146815	1138294	1265581	
75/25 Pctile	6.8	6.0	7.0	6.5	6.7	6.2	6.3	7.6	7.6	
95/5 Pctile	133.1	117.6	151.1	151.7	74.6	460.3	162.7	159.4	172.8	

MS2 ID Abund Reported
Median  	10802	7208	5735	7501	6834	7567	7220	8218	8591	
Half Width	19787	8943	11274	14320	11406	12427	14579	14371	13497	
75/25 Pctile	4.9	3.4	4.6	4.8	4.4	4.0	4.2	4.7	3.8	
95/5 Pctile	36.2	63.4	52.1	67.4	28.7	79.0	61.3	45.1	38.7	

Max Peak Width for IDs (sec)
Median Value	81.12	74.16	83.04	74.34	74.94	80.64	80.94	77.88	77.40	
Third Quart	125.88	97.50	110.40	103.80	102.12	119.16	110.58	103.02	106.68	
Last Decile	164.94	153.42	151.92	136.68	136.32	161.64	154.68	146.46	145.80	

Peak Width at Half Height for IDs
Median Value	19.68	18.24	19.80	18.18	16.38	20.16	21.18	18.36	18.90	
Med Top Quart	21.60	21.54	21.66	20.10	18.00	20.76	25.80	20.22	20.94	
Med Top 16th	21.60	33.42	21.90	23.10	23.76	17.22	29.52	23.10	20.04	
Med Top 100	20.10	18.60	19.98	20.16	16.62	20.52	22.92	18.60	20.10	
Median Disper	19.20	13.80	14.64	13.98	12.42	14.70	19.02	12.30	14.52	
Med Quart Disp	14.46	18.42	11.40	11.46	20.34	14.58	15.30	13.98	13.98	
Med 16th Disp	15.60	18.00	9.78	10.68	30.78	30.18	18.96	19.44	19.20	
Med 100 Disp	17.58	11.40	13.44	10.86	9.84	15.36	16.38	12.24	14.28	
3Quart Value	32.64	24.54	28.44	24.78	23.88	28.74	32.88	24.90	27.42	
9Dec Value	47.16	39.72	40.08	32.76	39.54	42.30	43.38	43.62	35.58	
MS1 Interscan/s	1.77	1.72	1.75	1.87	2.00	1.78	1.77	1.96	2.10	
MS1 Scan/FWHM	11.11	10.60	11.30	9.74	8.19	11.32	11.99	9.39	9.00	
IDs Used  	182	159	202	202	155	201	205	176	232	

Peak Widths at Half Max over RT deciles for IDs
First Decile	43.32	9.78	15.72	10.56	10.02	22.62	21.42	18.36	7.98	
Median Value	44.04	21.00	26.70	13.20	15.84	37.08	16.20	20.76	28.08	
Last Decile	22.38	15.78	17.58	19.92	15.30	20.22	22.74	19.26	21.12	

Nearby Resampling of IDs - Oversampling Details
Repeated IDs	512	431	653	617	439	728	758	517	803	
Med RT Diff/s	3.24	3.42	3.36	3.12	3.06	4.14	3.24	2.46	3.00	
1Q RT Diff/s	1.74	1.74	1.80	1.74	1.80	1.80	1.74	1.74	1.74	
1Dec RT Diff/s	1.44	1.44	1.50	1.44	1.44	1.50	1.44	1.44	1.44	
Median dm/z	0.00	0.00	0.00	0.00	0.00	0.00	0.00	0.00	0.00	
Quart dm/z	0.00	0.00	0.00	0.00	0.00	0.00	0.00	0.00	0.00	

Wide RT Differences for IDs (> 4 min)
Peptides	22	18	33	28	22	35	34	24	40	
Spectra 	307	253	448	387	289	491	519	341	580	

Fraction of Repeat Peptide IDs with Divergent RT (RT vs RT-best ID) - Chromatographic 'Bleed'
- 4 min    	0.0142	0.0118	0.0581	0.0389	0.0284	0.0354	0.0424	0.0317	0.0442	
+ 4 min      	0.0370	0.0471	0.0430	0.0523	0.0753	0.0697	0.0579	0.0735	0.0692	

Early and Late RT Oversampling (Spectrum IDs/Unique Peptide IDs) - Chromatographic: Flow Through/Bleed
First Decile	0.873	1.077	0.690	0.692	1.119	1.358	0.491	0.700	0.612	
Last Decile	1.127	1.165	1.225	1.143	0.839	1.431	1.200	1.063	1.213	

Peptide Ion IDs by > 3 Spectra (Hi) vs  1-3 Spectra (Lo) - Extreme Oversampling
Pep Ions (Hi)	72	58	81	80	60	94	95	65	97	
Ratio Hi/Lo  	0.637	0.558	0.659	0.650	0.638	0.855	0.848	0.591	0.708	
Spec Cnts (Hi)	491	412	634	596	424	731	757	486	782	
Ratio Hi/Lo	2.383	2.289	2.843	2.673	2.509	3.655	3.639	2.371	3.067	
Spec/Pep (Hi)	6.819	7.103	7.827	7.450	7.067	7.777	7.968	7.477	8.062	
Spec Cnt Excess	0.395	0.402	0.456	0.435	0.411	0.482	0.489	0.421	0.473	

Ratios of Peptide Ions IDed by Different Numbers of Spectra - Oversampling Measure
Once/Twice	0.49	0.63	0.64	0.57	0.37	0.45	0.32	0.35	0.43	
Twice/Thrice	5.15	5.70	3.56	3.94	13.00	5.58	8.67	6.00	4.94	

Single Spectrum Peptide Ion Identifications - Oversampling Measure
Peptide Ions	33	36	41	38	24	30	25	25	36	
Fract >1 Ions	0.82	0.78	0.80	0.81	0.84	0.85	0.88	0.86	0.85	
1 vs >1 PepIon	0.22	0.29	0.25	0.23	0.18	0.17	0.14	0.17	0.18	
1 vs >1 Spec	0.05	0.06	0.05	0.05	0.04	0.03	0.03	0.04	0.04	

MS1max/MS1sampled Abundance Ratio IDs - Inefficient Sampling
Median All IDs	3.65	3.59	3.43	3.62	3.48	3.28	2.89	3.16	2.80	
3Q All IDs	15.18	12.69	15.03	13.99	18.02	14.20	10.97	8.71	12.18	
9Dec All IDs	43.22	52.12	70.54	57.76	61.68	72.38	76.48	30.62	40.35	
Med Top 100	12.80	6.72	14.75	12.51	8.78	13.12	10.97	6.15	14.42	
Med Top Dec	32.86	27.39	33.19	35.54	24.67	67.91	30.19	14.44	28.15	
Med Top Quart	20.32	33.81	40.70	30.46	28.24	46.59	12.47	14.56	28.15	
Med Bottom 1/2	1.94	1.98	1.79	1.67	1.93	2.05	1.67	1.78	1.63	

RT(MS1max)-RT(MS2) for IDs (sec) 
Med Diff Abs	11	10	11	9	10	12	10	9	9	
Median Diff	3	5	1	4	6	1	4	5	4	
First Quart	-25	-6	-18	-7	-3	-17	-5	-2	-6	
Third Quart	9	11	10	10	10	10	11	11	10	

Ion Injection Times for IDs (ms)
MS1 Median	100	100	100	100	100	100	89	100	100	
MS1 Maximum	100	100	100	100	100	100	100	100	100	
MS2 Median	100.0	100.0	100.0	100.0	100.0	100.0	100.0	100.0	100.0	
MS2 Maximun	100.0	100.0	100.0	100.0	100.0	100.0	100.0	100.0	100.0	
MS2 Fract Max	0.858	0.931	0.915	0.920	0.925	0.916	0.877	0.922	0.880	

Relative Fraction of Peptides in Retention Decile Matching a Peptide in Other Runs
All Deciles	0.860	0.909	0.838	0.845	0.913	0.827	0.814	0.853	0.714	
First Decile	0.992	1.000	0.921	1.009	1.114	0.924	0.946	1.052	0.926	
Last Decile	0.116	0.045	0.488	0.151	0.000	0.633	0.590	0.283	0.715	
Comp to First	0.000	0.733	0.911	0.931	0.752	0.921	0.911	0.802	0.921	
Comp to Last	0.674	0.616	0.775	0.739	0.616	0.783	0.819	0.688	0.000	

Relative Uniqueness of Peptides in Decile Found Anywhere in Other Runs
First Decile	0.99	1.00	0.92	1.01	1.11	0.92	0.95	1.05	0.93	
Last Decile	0.12	0.04	0.49	0.15	0.00	0.63	0.59	0.28	0.71	

Differences in Elution Rank (Percent) of Matching Peptides in Other Runs
Average Diff	2.192	3.396	1.633	1.893	1.803	1.810	1.946	2.543	1.732	
Median Diff	1.210	1.861	0.884	1.063	1.088	0.998	1.173	1.289	0.969	
Comp to First	0.000	1.542	1.167	0.903	1.243	0.968	1.087	1.911	0.857	
Comp to Last	0.876	2.353	0.658	0.613	0.629	0.785	0.648	1.187	0.000	

Median Ratios of MS1 Intensities of Matching Peptides in Other Runs
Median Diff	1.934	2.077	1.947	1.929	1.931	1.969	1.843	2.178	1.957	
Median*2 Diff	3.182	3.479	3.250	3.066	3.481	3.339	2.921	3.532	3.364	
Comp to First	0.000	2.178	2.040	1.812	1.969	1.797	1.731	2.080	1.862	
Comp to Last	1.864	2.176	1.744	1.942	2.102	2.133	1.476	2.214	0.000	
Comp to First*2	0.000	3.839	3.079	2.868	3.783	2.749	2.530	3.347	3.259	
Comp to Last*2	3.203	3.458	2.767	3.325	4.480	3.595	2.110	3.977	0.000	

Uncorrected and RT Corrected Relative Intensities of Matching Peptides in Other Runs
Uncor rel First	0.000	0.000	0.000	0.000	0.000	0.000	0.000	0.000	0.000	
Uncor rel Last	0.000	0.000	0.000	0.000	0.000	0.000	0.000	0.000	0.000	
Corr rel First	0.000	0.000	0.000	0.000	0.000	0.000	0.000	0.000	0.000	
Corr rel Last	0.000	0.000	0.000	0.000	0.000	0.000	0.000	0.000	0.000	

Magnitude of RT Correction of Intensities of Matching Peptides in Other Runs
Comp to First	0.000	0.000	0.000	0.000	0.000	0.000	0.000	0.000	0.000	
Comp to Last	0.000	0.000	0.000	0.000	0.000	0.000	0.000	0.000	0.000	

Top Ion Abundance Measures
Top 10% Abund	2	1	2	2	1	1	2	2	2	
Top 25% Abund	5	3	6	5	4	4	6	5	4	
Top 50% Abund	13	11	15	17	13	14	16	13	14	
Fractab Top	0.077	0.111	0.070	0.064	0.116	0.109	0.058	0.065	0.083	
Fractab Top 10	0.442	0.490	0.390	0.380	0.449	0.429	0.385	0.446	0.434	
Fractab Top 100	0.986	0.988	0.978	0.979	0.991	0.979	0.981	0.984	0.978	

End Series=1

End Runseries Results
