Precursor m/z Averages at Different MS1Total (TIC) Quartiles Over Middle Elution Period
Run #, Q1 precursor m/z, Q2-Q1, Q3-Q1, Q4-Q1, Q1 TIC/1000, Q2/Q1, Q3/Q1, Q4/Q1
1	734.37	637.60	599.28	749.99	492848	0.62	0.42	0.18	
2	720.41	667.34	634.01	653.36	243729	0.60	0.41	0.27	
3	710.35	653.36	667.34	562.26	330092	0.61	0.43	0.20	
4	710.35	720.41	627.65	562.26	335457	0.72	0.43	0.18	
5	710.35	642.36	634.01	653.36	278601	0.56	0.40	0.23	
6	750.86	627.65	658.32	562.26	546719	0.59	0.36	0.16	
7	820.47	653.36	667.34	525.29	611908	0.57	0.39	0.22	
8	710.35	682.35	634.01	749.99	674378	0.54	0.33	0.17	
9	702.41	764.43	703.14	593.61	675284	0.68	0.41	0.14	

ID Charge Distributions At Different MS1max Quartiles For Charges 1-4
1	17.4,17.4,8.7,4.3 	8,11,8,5 	30.4,21.7,30.4,30.4 	17.4,13.0,21.7,39.1 	
2	20.0,20.0,10.0,10.0 	6,5,5,3 	30.0,35.0,40.0,35.0 	20.0,20.0,20.0,30.0 	
3	20.0,12.0,16.0,4.0 	9,10,7,6 	32.0,32.0,24.0,44.0 	16.0,16.0,24.0,28.0 	
4	16.0,16.0,8.0,0.0 	10,8,8,6 	32.0,28.0,32.0,44.0 	12.0,24.0,24.0,32.0 	
5	14.3,23.8,4.8,9.5 	7,6,6,5 	38.1,28.6,33.3,33.3 	19.0,19.0,28.6,28.6 	
6	22.2,14.8,7.4,3.7 	10,10,11,5 	29.6,29.6,33.3,33.3 	11.1,14.8,18.5,37.0 	
7	20.0,12.0,8.0,4.0 	9,9,9,5 	36.0,28.0,32.0,36.0 	12.0,24.0,20.0,36.0 	
8	13.0,21.7,4.3,8.7 	6,7,8,4 	39.1,21.7,39.1,39.1 	21.7,21.7,21.7,26.1 	
9	23.1,19.2,11.5,3.8 	9,8,9,7 	34.6,26.9,30.8,34.6 	11.5,23.1,19.2,34.6 	

Precursor m/z Averages and Differences from 1st Quartile (Largest) of Different MS1Total (TIC) Quartiles Over Full Elution Period
Run #, Q1 precursor m/z, Q2-Q1, Q3-Q1, Q4-Q1, Q1 TIC/1000, Q2/Q1, Q3/Q1, Q4/Q1
1	734.37	627.65	718.83	706.61	487642	0.57	0.35	0.10	rt=582.3	720.4	667.3	831.4	ch=2.72	2.39	3.00	3.22	len=13.30	13.72	17.24	20.76	tic/1000=257893	397088	156096	157252	
2	689.37	642.36	634.01	643.27	243573	0.51	0.36	0.16	rt=551.8	702.4	634.0	746.0	ch=3.05	2.50	3.00	3.08	len=13.82	14.25	16.95	19.54	tic/1000=101557	193959	79658	103672	
3	653.80	682.35	662.81	700.33	319383	0.56	0.35	0.13	rt=567.8	674.0	634.0	784.4	ch=2.76	2.48	2.84	3.00	len=13.25	13.92	16.00	19.10	tic/1000=168240	264476	105079	121499	
4	710.35	716.69	625.31	651.83	372479	0.54	0.32	0.12	rt=567.8	717.6	625.3	746.4	ch=2.65	2.51	2.96	3.04	len=12.69	15.08	16.10	18.61	tic/1000=196548	293498	106804	131117	
5	689.37	625.31	653.36	649.93	268719	0.52	0.35	0.18	rt=529.2	702.4	637.6	738.1	ch=2.93	2.51	3.00	3.12	len=13.21	14.63	16.79	19.02	tic/1000=127595	224878	84558	112158	
6	717.61	653.36	637.30	649.93	510953	0.52	0.28	0.10	rt=605.6	716.7	637.6	738.1	ch=2.67	2.48	2.91	3.04	len=13.07	14.35	16.09	18.30	tic/1000=225599	413118	149978	171000	
7	710.35	667.34	708.35	639.65	554063	0.50	0.35	0.14	rt=625.3	682.3	627.6	756.4	ch=2.71	2.53	2.94	3.08	len=13.63	14.55	15.90	18.62	tic/1000=258266	463653	179453	217299	
8	673.99	717.61	627.64	721.05	526956	0.48	0.30	0.14	rt=551.8	710.4	653.4	767.7	ch=2.80	2.59	2.96	3.20	len=13.30	15.02	16.70	20.04	tic/1000=245794	518793	155762	155241	
9	717.61	653.80	627.65	649.93	647675	0.61	0.32	0.11	rt=561.2	708.3	631.8	767.7	ch=2.75	2.43	2.89	3.00	len=13.11	14.74	15.89	18.55	tic/1000=211830	596033	195988	363988	

ID Charge Distributions At Different MS1max Quartiles For Charges 1-4
1	19.6,10.9,2.2,0.0 	17,20,10,13 	28.3,30.4,37.0,30.4 	13.0,15.2,34.8,34.8 	
2	12.5,20.0,5.0,2.5 	11,13,7,7 	37.5,30.0,40.0,32.5 	17.5,17.5,32.5,40.0 	
3	14.0,16.0,8.0,2.0 	17,22,12,13 	38.0,26.0,34.0,36.0 	12.0,14.0,30.0,32.0 	
4	19.6,5.9,11.8,0.0 	17,19,14,16 	33.3,35.3,35.3,29.4 	11.8,21.6,19.6,31.4 	
5	9.3,18.6,9.3,0.0 	12,13,12,9 	39.5,30.2,37.2,27.9 	18.6,20.9,20.9,39.5 	
6	16.7,11.1,11.1,1.9 	18,20,15,16 	35.2,31.5,25.9,35.2 	11.1,18.5,31.5,24.1 	
7	13.7,9.8,13.7,0.0 	18,19,13,14 	35.3,31.4,31.4,29.4 	11.8,21.6,23.5,33.3 	
8	17.4,6.5,10.9,2.2 	13,11,16,11 	34.8,41.3,26.1,28.3 	19.6,21.7,23.9,34.8 	
9	18.9,17.0,9.4,0.0 	17,14,16,18 	39.6,26.4,34.0,28.3 	9.4,22.6,24.5,30.2 	

Number of Compounds in Common
	1	2	3	4	5	6	7	8	9	
1	-	84	95	95	85	96	94	89	94	
2	84	-	91	90	92	90	89	86	90	
3	95	91	-	110	90	115	107	90	108	
4	95	90	110	-	91	112	110	94	109	
5	85	92	90	91	-	91	90	90	92	
6	96	90	115	112	91	-	110	94	112	
7	94	89	107	110	90	110	-	93	105	
8	89	86	90	94	90	94	93	-	94	
9	94	90	108	109	92	112	105	94	-	

Fraction of Overlapping Compounds - relative to first index
	1	2	3	4	5	6	7	8	9	
1	-	0.85	0.96	0.96	0.86	0.97	0.95	0.90	0.95	
2	0.89	-	0.97	0.96	0.98	0.96	0.95	0.91	0.96	
3	0.80	0.76	-	0.92	0.76	0.97	0.90	0.76	0.91	
4	0.83	0.78	0.96	-	0.79	0.97	0.96	0.82	0.95	
5	0.87	0.94	0.92	0.93	-	0.93	0.92	0.92	0.94	
6	0.81	0.76	0.97	0.94	0.76	-	0.92	0.79	0.94	
7	0.83	0.79	0.95	0.97	0.80	0.97	-	0.82	0.93	
8	0.90	0.87	0.91	0.95	0.91	0.95	0.94	-	0.95	
9	0.80	0.77	0.92	0.93	0.79	0.96	0.90	0.80	-	

Fraction of Overlapping Compounds - relative to second index
	1	2	3	4	5	6	7	8	9	
1	-	0.89	0.80	0.83	0.87	0.81	0.83	0.90	0.80	
2	0.85	-	0.76	0.78	0.94	0.76	0.79	0.87	0.77	
3	0.96	0.97	-	0.96	0.92	0.97	0.95	0.91	0.92	
4	0.96	0.96	0.92	-	0.93	0.94	0.97	0.95	0.93	
5	0.86	0.98	0.76	0.79	-	0.76	0.80	0.91	0.79	
6	0.97	0.96	0.97	0.97	0.93	-	0.97	0.95	0.96	
7	0.95	0.95	0.90	0.96	0.92	0.92	-	0.94	0.90	
8	0.90	0.91	0.76	0.82	0.92	0.79	0.82	-	0.80	
9	0.95	0.96	0.91	0.95	0.94	0.94	0.93	0.95	-	

Median Retention Rank Differences for Compounds in Common (Percent)
	1	2	3	4	5	6	7	8	9	
1	-	1.672	1.248	1.483	1.611	1.462	1.558	1.487	1.356	
2	1.595	-	1.099	1.148	0.833	1.074	1.295	1.140	1.095	
3	1.194	1.196	-	1.364	1.377	1.144	1.324	1.361	1.157	
4	1.619	0.983	1.124	-	1.007	1.098	1.023	1.164	1.009	
5	1.471	0.789	1.263	0.903	-	1.129	1.037	1.667	0.999	
6	1.414	0.968	0.990	1.074	1.038	-	0.957	1.095	0.994	
7	1.474	0.949	1.045	0.898	0.915	0.933	-	1.202	1.026	
8	1.421	1.392	1.337	1.359	1.944	1.448	1.344	-	1.268	
9	1.408	1.049	1.246	1.130	0.918	1.065	1.092	1.109	-	

Avg	1.48	1.16	1.26	1.13	1.16	1.07	1.06	1.44	1.13

Average Retention Rank Differences for Compounds in Common (Percent)
	1	2	3	4	5	6	7	8	9	
1	-	2.409	1.684	2.504	2.491	2.322	2.467	3.762	2.377	
2	2.494	-	1.836	1.531	1.134	1.235	1.591	1.785	1.556	
3	1.773	1.860	-	2.083	2.049	1.648	1.887	2.420	1.903	
4	2.571	1.284	1.884	-	1.352	1.578	1.388	3.486	1.498	
5	2.519	1.134	1.951	1.328	-	1.449	1.333	3.235	1.418	
6	2.387	1.136	1.558	1.674	1.328	-	1.339	3.395	1.451	
7	2.467	1.363	1.677	1.339	1.210	1.306	-	3.492	1.342	
8	3.737	2.001	2.346	3.667	3.383	3.667	3.607	-	3.327	
9	2.490	1.556	2.058	1.650	1.371	1.547	1.397	3.214	-	

Avg	2.50	1.65	1.95	1.88	1.80	1.78	1.77	3.22	1.91

Number of Matching Identified Ions Between Runs
	1	2	3	4	5	6	7	8	9	
1	185	126	154	156	133	158	152	146	161
2	126	159	128	126	124	125	122	120	125
3	154	128	202	173	130	168	164	141	164
4	156	126	173	205	136	169	173	148	166
5	133	124	130	136	171	135	134	133	137
6	158	125	168	169	135	215	170	143	175
7	152	122	164	173	134	170	203	141	165
8	146	120	141	148	133	143	141	183	148
9	161	125	164	166	137	175	165	148	212

Relative Deviations in MS1 Max For Matching Identified Ions Between Runs
	1	2	3	4	5	6	7	8	9	
1	-	2.11	1.50	1.43	1.94	1.41	1.42	1.84	1.60
2	2.15	-	2.02	1.97	1.16	2.20	2.02	1.48	2.10
3	1.50	2.02	-	1.28	1.92	1.37	1.34	2.13	1.66
4	1.43	1.96	1.28	-	1.89	1.36	1.26	1.99	1.54
5	1.94	1.16	1.92	1.90	-	1.95	1.97	1.40	2.16
6	1.41	2.20	1.37	1.36	1.95	-	1.30	2.13	1.44
7	1.41	2.02	1.34	1.26	1.98	1.30	-	1.92	1.44
8	1.84	1.53	2.13	1.99	1.40	2.13	1.92	-	2.23
9	1.60	2.10	1.62	1.54	2.16	1.44	1.44	2.14	-

Avg	1.66	1.89	1.65	1.59	1.80	1.65	1.58	1.90	1.76

Relative Uncorrected Deviations in MS1 Max For Matching Identified Ions Between Runs
	1	2	3	4	5	6	7	8	9	
1	-	0.00	0.00	0.00	0.00	0.00	0.00	0.00	0.00
2	0.00	-	0.00	0.00	0.00	0.00	0.00	0.00	0.00
3	0.00	0.00	-	0.00	0.00	0.00	0.00	0.00	0.00
4	0.00	0.00	0.00	-	0.00	0.00	0.00	0.00	0.00
5	0.00	0.00	0.00	0.00	-	0.00	0.00	0.00	0.00
6	0.00	0.00	0.00	0.00	0.00	-	0.00	0.00	0.00
7	0.00	0.00	0.00	0.00	0.00	0.00	-	0.00	0.00
8	0.00	0.00	0.00	0.00	0.00	0.00	0.00	-	0.00
9	0.00	0.00	0.00	0.00	0.00	0.00	0.00	0.00	-

Avg	0.00	0.00	0.00	0.00	0.00	0.00	0.00	0.00	0.00

Relative Corrected Deviations in MS1 Max For Matching Identified Ions Between Runs
	1	2	3	4	5	6	7	8	9	
1	-	0.00	0.00	0.00	0.00	0.00	0.00	0.00	0.00
2	0.00	-	0.00	0.00	0.00	0.00	0.00	0.00	0.00
3	0.00	0.00	-	0.00	0.00	0.00	0.00	0.00	0.00
4	0.00	0.00	0.00	-	0.00	0.00	0.00	0.00	0.00
5	0.00	0.00	0.00	0.00	-	0.00	0.00	0.00	0.00
6	0.00	0.00	0.00	0.00	0.00	-	0.00	0.00	0.00
7	0.00	0.00	0.00	0.00	0.00	0.00	-	0.00	0.00
8	0.00	0.00	0.00	0.00	0.00	0.00	0.00	-	0.00
9	0.00	0.00	0.00	0.00	0.00	0.00	0.00	0.00	-

Avg	0.00	0.00	0.00	0.00	0.00	0.00	0.00	0.00	0.00

Relative RT Trends in MS1 Max For Matching Identified Ions Between Runs
	1	2	3	4	5	6	7	8	9	
1	-	0.00	0.00	0.00	0.00	0.00	0.00	0.00	0.00
2	0.00	-	0.00	0.00	0.00	0.00	0.00	0.00	0.00
3	0.00	0.00	-	0.00	0.00	0.00	0.00	0.00	0.00
4	0.00	0.00	0.00	-	0.00	0.00	0.00	0.00	0.00
5	0.00	0.00	0.00	0.00	-	0.00	0.00	0.00	0.00
6	0.00	0.00	0.00	0.00	0.00	-	0.00	0.00	0.00
7	0.00	0.00	0.00	0.00	0.00	0.00	-	0.00	0.00
8	0.00	0.00	0.00	0.00	0.00	0.00	0.00	-	0.00
9	0.00	0.00	0.00	0.00	0.00	0.00	0.00	0.00	-

Avg	0.00	0.00	0.00	0.00	0.00	0.00	0.00	0.00	0.00

Relative RT Trends / Corrected Deviations of MS1 Max For Matching Identified Ions Between Runs
	1	2	3	4	5	6	7	8	9	
1	-	1.00	1.00	1.00	1.00	1.00	1.00	1.00	1.00
2	1.00	-	1.00	1.00	1.00	1.00	1.00	1.00	1.00
3	1.00	1.00	-	1.00	1.00	1.00	1.00	1.00	1.00
4	1.00	1.00	1.00	-	1.00	1.00	1.00	1.00	1.00
5	1.00	1.00	1.00	1.00	-	1.00	1.00	1.00	1.00
6	1.00	1.00	1.00	1.00	1.00	-	1.00	1.00	1.00
7	1.00	1.00	1.00	1.00	1.00	1.00	-	1.00	1.00
8	1.00	1.00	1.00	1.00	1.00	1.00	1.00	-	1.00
9	1.00	1.00	1.00	1.00	1.00	1.00	1.00	1.00	-

Avg	1.00	1.00	1.00	1.00	1.00	1.00	1.00	1.00	1.00

Median Relative Intensities in MS1 Max For Matching Identified Ions Between Runs
	1	2	3	4	5	6	7	8	9	
1	-	3.26	1.23	1.15	2.75	0.75	0.86	1.45	0.60
2	0.33	-	0.45	0.41	0.84	0.25	0.25	0.44	0.17
3	0.83	2.25	-	0.92	2.02	0.63	0.66	1.03	0.55
4	0.87	2.53	1.08	-	1.93	0.63	0.71	1.01	0.54
5	0.36	1.19	0.50	0.52	-	0.31	0.32	0.52	0.24
6	1.34	3.94	1.60	1.59	3.20	-	1.14	1.79	0.89
7	1.17	3.99	1.53	1.41	3.20	0.88	-	1.35	0.82
8	0.72	2.32	0.97	1.00	1.91	0.56	0.74	-	0.42
9	1.66	5.78	1.91	1.84	4.25	1.12	1.23	2.38	-

Number of Matching Doubly Charged Identified Ions Between Runs
	1	2	3	4	5	6	7	8	9	
1	-	32	49	49	37	50	46	42	50
2	32	-	31	31	31	28	29	31	32
3	49	31	-	53	34	50	49	42	49
4	49	31	53	-	37	50	54	44	49
5	37	31	34	37	-	33	35	35	36
6	50	28	50	50	33	-	51	38	52
7	46	29	49	54	35	51	-	40	48
8	42	31	42	44	35	38	40	-	43
9	50	32	49	49	36	52	48	43	-

Relative Deviations in MS1 Max For Doubly Charged Matching Identified Ions Between Runs
	1	2	3	4	5	6	7	8	9	
1	-	2.04	1.64	1.43	1.76	1.48	1.43	1.81	1.66
2	1.95	-	2.12	1.87	1.19	2.09	1.83	1.43	1.69
3	1.64	2.12	-	1.23	1.81	1.41	1.34	2.10	1.49
4	1.43	1.87	1.23	-	1.69	1.28	1.19	1.83	1.48
5	1.76	1.19	1.81	1.69	-	1.78	1.84	1.40	1.74
6	1.48	2.06	1.41	1.28	1.78	-	1.32	2.21	1.46
7	1.42	1.83	1.34	1.19	1.84	1.32	-	2.09	1.33
8	1.82	1.43	2.09	1.94	1.40	2.24	2.19	-	2.31
9	1.66	2.13	1.49	1.48	1.58	1.45	1.32	2.31	-

Number of Matching Triply Charged Identified Ions Between Runs
	1	2	3	4	5	6	7	8	9	
1	-	42	50	50	45	50	48	51	52
2	42	-	45	45	44	46	42	42	42
3	50	45	-	60	47	58	55	49	56
4	50	45	60	-	48	58	57	50	56
5	45	44	47	48	-	48	46	47	46
6	50	46	58	58	48	-	55	50	59
7	48	42	55	57	46	55	-	47	54
8	51	42	49	50	47	50	47	-	49
9	52	42	56	56	46	59	54	49	-

Relative Deviations in MS1 Max For Triply Charged Matching Identified Ions Between Runs
	1	2	3	4	5	6	7	8	9	
1	-	2.31	1.49	1.44	2.23	1.33	1.26	1.91	1.70
2	2.32	-	1.89	2.03	1.13	2.44	2.03	1.30	2.57
3	1.49	1.89	-	1.28	2.00	1.40	1.33	2.00	1.57
4	1.44	2.03	1.29	-	1.90	1.42	1.27	1.95	1.38
5	2.23	1.14	2.00	1.95	-	2.35	1.98	1.34	2.23
6	1.33	2.44	1.40	1.42	2.28	-	1.27	2.14	1.50
7	1.21	2.02	1.33	1.27	1.98	1.27	-	1.98	1.51
8	1.91	1.31	2.00	1.95	1.34	2.14	1.98	-	2.02
9	1.70	2.62	1.57	1.37	2.27	1.50	1.50	2.02	-

Relative 2 * Deviations in MS1 Max For Matching Identified Ions Between Runs
	1	2	3	4	5	6	7	8	9	
1	-	3.08	2.33	1.91	3.04	1.96	1.86	2.69	2.33
2	3.13	-	3.64	3.44	1.40	3.63	3.25	2.04	4.13
3	2.34	3.69	-	1.56	3.03	1.78	1.85	3.34	2.34
4	1.91	3.41	1.56	-	3.24	1.74	1.57	2.85	2.20
5	3.04	1.40	3.03	3.22	-	3.43	3.12	1.99	3.86
6	1.96	3.63	1.78	1.74	3.43	-	1.75	3.38	2.23
7	1.84	3.25	1.85	1.57	3.12	1.75	-	3.10	2.20
8	2.70	2.02	3.34	2.85	1.99	3.38	3.10	-	3.90
9	2.33	4.13	2.31	2.20	3.86	2.23	2.20	3.90	-

Relative Deviations in MS1 Max at Different RT Quartiles For Matching Identified Ions Between Runs - Single Table
	1	2	3	4	5	6	7	8	9	
1	0.00,0.00 0.00 0.00 	1.58,1.37 1.54 1.72 	1.39,1.10 1.26 1.06 	1.33,1.04 1.20 0.98 	1.56,1.49 1.13 1.49 	1.29,1.10 1.00 1.34 	1.38,1.05 1.05 1.14 	1.65,1.24 1.13 1.24 	1.63,0.98 0.96 0.94 
2	1.56,1.63 1.41 1.63 	0.00,0.00 0.00 0.00 	1.50,1.25 1.41 2.08 	1.65,1.17 1.48 1.66 	1.12,1.07 1.07 1.03 	1.99,1.16 1.46 0.93 	1.82,1.12 1.30 0.99 	1.38,1.33 0.90 1.19 	2.20,0.92 1.13 0.84 
3	1.41,1.10 1.21 1.16 	1.88,1.26 1.00 1.01 	0.00,0.00 0.00 0.00 	1.14,1.11 1.16 1.17 	1.54,1.66 1.07 1.90 	1.32,0.91 1.11 1.02 	1.27,1.05 1.19 1.11 	2.16,1.00 0.83 1.18 	1.45,1.00 1.33 1.18 
4	1.28,1.07 1.40 1.01 	1.59,1.22 1.43 1.73 	1.15,1.04 1.18 1.09 	0.00,0.00 0.00 0.00 	1.77,1.12 1.19 1.17 	1.27,1.07 1.20 1.12 	1.32,0.94 1.05 0.90 	2.28,0.80 0.92 0.85 	1.49,0.96 1.08 0.97 
5	1.42,1.62 1.43 2.12 	1.13,1.02 1.06 1.11 	1.58,1.54 1.25 1.67 	1.57,1.54 1.35 1.44 	0.00,0.00 0.00 0.00 	1.68,1.40 1.17 1.46 	1.75,1.10 1.14 1.50 	1.25,1.19 1.05 1.27 	2.31,1.05 0.95 0.85 
6	1.34,1.04 1.05 1.23 	1.96,1.16 1.34 0.92 	1.34,1.03 1.17 0.94 	1.27,1.11 1.29 1.08 	1.66,1.45 1.16 1.23 	0.00,0.00 0.00 0.00 	1.30,1.02 0.99 1.00 	2.01,0.98 0.86 1.48 	1.42,1.00 0.96 1.21 
7	1.36,1.03 1.07 1.16 	1.84,1.01 1.11 1.03 	1.31,1.00 1.33 1.05 	1.22,1.01 1.20 1.00 	1.70,1.26 1.11 1.14 	1.27,1.00 1.08 1.04 	0.00,0.00 0.00 0.00 	2.17,0.81 0.75 0.85 	1.30,1.02 1.22 1.31 
8	1.64,1.14 1.08 1.27 	1.41,1.11 1.12 1.10 	2.02,0.95 1.14 1.20 	1.92,0.95 1.07 1.27 	1.25,1.18 1.13 1.48 	2.09,0.84 1.11 1.50 	1.93,1.00 1.09 1.05 	0.00,0.00 0.00 0.00 	2.59,0.96 0.67 0.83 
9	1.58,1.06 1.02 1.08 	1.95,1.29 1.39 1.29 	1.44,1.02 1.45 1.21 	1.51,1.06 1.05 1.08 	2.17,1.11 1.16 0.89 	1.30,1.06 1.11 1.40 	1.35,0.98 1.07 1.30 	2.46,0.91 0.74 0.94 	0.00,0.00 0.00 0.00 

Relative Deviations in MS1 Max at 1 RT Quartile For Matching Identified Ions Between Runs
	1	2	3	4	5	6	7	8	9	
1	0.00 	1.58 	1.39 	1.33 	1.56 	1.29 	1.38 	1.65 	1.63 
2	1.56 	0.00 	1.50 	1.65 	1.12 	1.99 	1.82 	1.38 	2.20 
3	1.41 	1.88 	0.00 	1.14 	1.54 	1.32 	1.27 	2.16 	1.45 
4	1.28 	1.59 	1.15 	0.00 	1.77 	1.27 	1.32 	2.28 	1.49 
5	1.42 	1.13 	1.58 	1.57 	0.00 	1.68 	1.75 	1.25 	2.31 
6	1.34 	1.96 	1.34 	1.27 	1.66 	0.00 	1.30 	2.01 	1.42 
7	1.36 	1.84 	1.31 	1.22 	1.70 	1.27 	0.00 	2.17 	1.30 
8	1.64 	1.41 	2.02 	1.92 	1.25 	2.09 	1.93 	0.00 	2.59 
9	1.58 	1.95 	1.44 	1.51 	2.17 	1.30 	1.35 	2.46 	0.00 

Relative Deviations in MS1 Max at 2 RT Quartile For Matching Identified Ions Between Runs
	1	2	3	4	5	6	7	8	9	
1	0.00 	2.17 	1.53 	1.39 	2.33 	1.42 	1.44 	2.04 	1.60 
2	2.54 	0.00 	1.88 	1.92 	1.19 	2.30 	2.04 	1.84 	2.02 
3	1.55 	2.36 	0.00 	1.27 	2.56 	1.20 	1.34 	2.16 	1.44 
4	1.37 	1.95 	1.20 	0.00 	1.99 	1.36 	1.24 	1.82 	1.42 
5	2.29 	1.15 	2.43 	2.42 	0.00 	2.34 	1.92 	1.48 	2.43 
6	1.39 	2.28 	1.38 	1.41 	2.41 	0.00 	1.33 	1.96 	1.42 
7	1.40 	1.86 	1.31 	1.23 	2.15 	1.27 	0.00 	1.75 	1.33 
8	1.87 	1.57 	1.92 	1.83 	1.47 	1.76 	1.93 	0.00 	2.48 
9	1.68 	2.52 	1.46 	1.61 	2.41 	1.38 	1.33 	2.24 	0.00 

Relative Deviations in MS1 Max at 3 RT Quartile For Matching Identified Ions Between Runs
	1	2	3	4	5	6	7	8	9	
1	0.00 	2.43 	1.74 	1.60 	1.77 	1.29 	1.45 	1.87 	1.57 
2	2.19 	0.00 	2.12 	2.43 	1.19 	2.91 	2.37 	1.25 	2.49 
3	1.70 	1.89 	0.00 	1.33 	1.65 	1.46 	1.51 	1.80 	1.92 
4	1.80 	2.28 	1.36 	0.00 	2.11 	1.53 	1.39 	2.09 	1.61 
5	2.03 	1.20 	1.98 	2.12 	0.00 	1.97 	1.99 	1.31 	2.19 
6	1.41 	2.61 	1.56 	1.64 	1.93 	0.00 	1.28 	1.73 	1.36 
7	1.46 	2.04 	1.75 	1.46 	1.90 	1.36 	0.00 	1.64 	1.59 
8	1.77 	1.58 	2.30 	2.05 	1.41 	2.31 	2.11 	0.00 	1.73 
9	1.61 	2.71 	2.09 	1.59 	2.51 	1.44 	1.44 	1.82 	0.00 

Relative Deviations in MS1 Max at 4 RT Quartile For Matching Identified Ions Between Runs
	1	2	3	4	5	6	7	8	9	
1	0.00 	2.72 	1.47 	1.31 	2.34 	1.74 	1.57 	2.04 	1.54 
2	2.53 	0.00 	3.12 	2.73 	1.15 	1.86 	1.79 	1.65 	1.85 
3	1.64 	1.89 	0.00 	1.34 	2.93 	1.34 	1.40 	2.54 	1.71 
4	1.30 	2.76 	1.26 	0.00 	2.08 	1.43 	1.19 	1.93 	1.44 
5	3.01 	1.25 	2.63 	2.27 	0.00 	2.45 	2.61 	1.59 	1.97 
6	1.64 	1.80 	1.26 	1.37 	2.04 	0.00 	1.30 	2.97 	1.72 
7	1.58 	1.90 	1.38 	1.21 	1.94 	1.31 	0.00 	1.84 	1.71 
8	2.08 	1.55 	2.43 	2.44 	1.84 	3.12 	2.02 	0.00 	2.16 
9	1.71 	2.51 	1.73 	1.64 	1.93 	1.82 	1.76 	2.31 	0.00 

Number of Excess Early Eluting Identified Species
	1	2	3	4	5	6	7	8	9	
1	0.0000	0.0276	0.0254	0.0070	0.0298	0.0069	-0.0063	0.0303	-0.0070
2	-0.0276	0.0000	-0.0219	-0.0192	0.0039	-0.0387	-0.0229	0.0245	-0.0239
3	-0.0254	0.0219	0.0000	-0.0206	0.0258	-0.0168	-0.0222	0.0234	-0.0100
4	-0.0070	0.0192	0.0206	0.0000	0.0227	0.0032	-0.0017	0.0264	0.0015
5	-0.0298	-0.0039	-0.0258	-0.0227	0.0000	-0.0426	-0.0321	0.0210	-0.0278
6	-0.0069	0.0387	0.0168	-0.0032	0.0426	0.0000	-0.0049	0.0285	-0.0016
7	0.0063	0.0229	0.0222	0.0017	0.0321	0.0049	0.0000	0.0304	0.0030
8	-0.0303	-0.0245	-0.0234	-0.0264	-0.0210	-0.0285	-0.0304	0.0000	-0.0295
9	0.0070	0.0239	0.0100	-0.0015	0.0278	0.0016	-0.0030	0.0295	0.0000

Number of Excess Late Eluting Identified Species
	1	2	3	4	5	6	7	8	9	
1	0.0000	0.0159	0.0254	0.0242	0.0099	0.0355	0.0226	0.0101	0.0155
2	-0.0159	0.0000	0.0112	0.0088	-0.0067	0.0223	0.0072	0.0139	0.0061
3	-0.0254	-0.0112	0.0000	-0.0102	-0.0162	0.0168	-0.0111	-0.0153	-0.0098
4	-0.0242	-0.0088	0.0102	0.0000	-0.0151	0.0206	0.0070	-0.0242	-0.0072
5	-0.0099	0.0067	0.0162	0.0151	0.0000	0.0264	0.0135	-0.0094	0.0064
6	-0.0355	-0.0223	-0.0168	-0.0206	-0.0264	0.0000	-0.0138	-0.0355	-0.0187
7	-0.0226	-0.0072	0.0111	-0.0070	-0.0135	0.0138	0.0000	-0.0226	-0.0058
8	-0.0101	-0.0139	0.0153	0.0242	0.0094	0.0355	0.0226	0.0000	0.0155
9	-0.0155	-0.0061	0.0098	0.0072	-0.0064	0.0187	0.0058	-0.0155	0.0000

Peak widths at half max at RT deciles
Decile	1	2	3	4	5	6	7	8	9	10	
Run 1	1.04	0.96	0.95	0.98	1.01	0.97	0.91	1.01	0.95	1.00	
Run 2	1.01	1.17	0.94	1.07	0.99	0.97	0.95	1.03	1.00	0.99	
Run 3	1.05	1.17	1.06	1.00	1.09	1.02	1.01	1.06	0.97	1.00	
Run 4	0.91	1.06	1.18	1.02	1.08	1.05	1.00	1.08	0.95	0.98	
Run 5	1.22	1.23	0.88	1.04	0.91	1.03	0.97	1.00	0.95	0.94	
Run 6	1.08	1.19	1.02	1.04	1.03	1.03	1.04	0.97	1.04	1.17	
Run 7	1.03	1.01	1.01	1.02	1.06	1.02	1.03	1.05	0.95	1.00	
Run 8	0.72	0.90	0.95	1.16	1.00	1.01	1.00	1.04	1.02	0.95	
Run 9	1.02	1.09	1.04	1.05	1.02	0.93	1.01	1.00	0.95	1.00	

RT peptide deciles
1	19.8	25.6	32.2	37.5	43.3	47.8	58.2	68.7	80.4	114.4	
2	20.9	26.8	34.5	39.5	43.5	50.9	61.4	68.0	76.1	101.9	
3	19.3	25.0	30.4	37.6	42.7	47.3	59.2	67.5	76.3	99.2	
4	16.0	24.8	29.8	35.6	42.2	47.7	59.2	67.7	77.0	140.6	
5	19.2	26.2	34.2	39.0	43.5	52.5	62.0	67.7	79.2	140.2	
6	18.1	24.7	30.2	35.3	41.9	46.8	57.8	66.4	75.8	140.4	
7	17.0	24.3	28.6	35.1	41.9	46.7	57.5	66.1	75.4	122.3	
8	17.2	24.8	32.7	38.9	43.8	50.2	60.6	68.8	79.6	94.6	
9	15.7	24.7	30.8	36.3	40.9	47.3	58.6	68.3	76.5	126.8	

Oversampling vs RT
1	0.69	0.80	1.23	0.76	0.73	0.64	1.23	1.37	1.14	1.41	
2	0.93	0.91	0.96	0.70	0.71	1.06	1.25	0.78	0.82	1.87	
3	0.89	0.68	0.81	1.05	0.61	0.56	1.28	1.22	0.93	1.99	
4	0.59	1.04	0.77	0.83	0.75	0.73	1.09	1.18	0.90	2.12	
5	0.81	0.97	1.07	0.68	0.67	1.03	1.05	0.69	1.08	1.95	
6	0.78	0.73	0.69	0.68	0.78	0.63	1.02	0.92	0.87	2.90	
7	0.71	0.79	0.67	0.77	0.77	0.56	0.89	1.00	0.76	3.07	
8	0.66	0.82	1.01	0.81	0.63	0.84	1.15	0.79	1.00	2.27	
9	0.55	0.96	0.81	0.73	0.48	0.68	1.02	0.96	0.71	3.11	

Retention Time Decile Intervals
1	21.55	4.54	7.16	4.24	5.43	5.70	9.58	13.60	10.58	
2	19.64	8.60	7.12	7.18	4.44	9.38	7.72	11.25	13.69	
3	19.30	7.08	4.75	7.36	5.74	3.07	11.86	8.34	12.22	
4	17.43	8.70	4.18	8.49	4.13	7.53	11.65	10.94	14.22	
5	20.80	5.43	7.97	5.48	7.50	7.93	9.54	4.49	12.09	
6	20.78	4.23	5.53	4.86	6.50	5.04	12.08	7.34	9.48	
7	17.08	7.55	6.18	7.77	3.70	7.47	12.13	12.27	14.70	
8	18.01	6.97	7.95	6.81	5.92	4.58	10.32	9.13	10.79	
9	17.40	7.32	6.11	5.48	5.13	8.22	12.38	8.68	10.05	

Matching Low:High RT Peptide Ions
Run	1	2	3	4	5	6	7	8	9	
1	0.00:0.00	1.05:0.10	1.00:0.07	1.02:0.09	1.02:0.10	1.02:0.07	1.02:0.07	1.05:0.12	1.00:0.04	
2	1.05:0.10	0.00:0.00	1.15:0.07	1.10:0.10	0.96:0.00	1.18:0.13	1.10:0.13	1.02:0.07	1.10:0.21	
3	1.00:0.07	1.15:0.07	0.00:0.00	1.02:0.02	1.07:0.07	1.02:0.04	1.02:0.04	1.07:0.02	0.98:0.10	
4	1.02:0.09	1.10:0.10	1.02:0.02	0.00:0.00	1.07:0.10	1.02:0.02	1.02:0.02	1.02:0.07	0.98:0.08	
5	1.02:0.10	0.96:0.00	1.07:0.07	1.07:0.10	0.00:0.00	1.15:0.13	1.07:0.12	1.05:0.10	1.10:0.20	
6	1.02:0.07	1.18:0.13	1.02:0.04	1.02:0.02	1.15:0.13	0.00:0.00	1.04:0.00	1.05:0.09	0.98:0.05	
7	1.02:0.07	1.10:0.13	1.02:0.04	1.02:0.02	1.07:0.12	1.04:0.00	0.00:0.00	1.02:0.09	1.00:0.06	
8	1.05:0.12	1.02:0.07	1.07:0.02	1.02:0.07	1.05:0.10	1.05:0.09	1.02:0.09	0.00:0.00	1.05:0.14	
9	1.00:0.04	1.10:0.21	0.98:0.10	0.98:0.08	1.10:0.20	0.98:0.05	1.00:0.06	1.05:0.14	0.00:0.00	

RT Median Differences for Matching Peptides
Run	1	2	3	4	5	6	7	8	9	
Median
1	0.00	0.73	0.94	0.85	1.02	1.05	1.36	0.34	0.75	
2	-0.73	0.00	0.12	0.13	0.25	0.29	0.63	-0.38	0.17	
3	-0.94	-0.12	0.00	0.03	0.14	0.22	0.54	-0.41	-0.06	
4	-0.85	-0.13	-0.03	0.00	0.07	0.19	0.50	-0.45	-0.08	
5	-1.02	-0.25	-0.14	-0.07	0.00	0.08	0.44	-0.51	0.03	
6	-1.05	-0.29	-0.22	-0.19	-0.08	0.00	0.33	-0.66	-0.09	
7	-1.36	-0.63	-0.54	-0.50	-0.44	-0.33	0.00	-0.94	-0.57	
8	-0.34	0.38	0.41	0.45	0.51	0.66	0.94	0.00	0.34	
9	-0.75	-0.17	0.06	0.08	-0.03	0.09	0.57	-0.34	0.00	

Median Dev
1	0.0	0.1	-0.1	0.0	0.2	0.0	0.0	0.2	0.1	
2	-0.7	0.0	-0.0	-0.0	-0.0	0.0	-0.0	0.1	-0.2	
3	-0.6	-0.3	0.0	-0.0	0.1	0.0	0.0	0.3	0.1	
4	-0.6	-0.3	-0.1	0.0	0.1	0.0	0.0	0.4	0.1	
5	-0.8	-0.2	-0.3	-0.3	0.0	-0.1	-0.1	0.0	-0.2	
6	-0.6	-0.4	-0.2	-0.2	-0.4	0.0	-0.0	0.3	-0.2	
7	-0.7	-0.4	-0.2	-0.2	-0.3	-0.2	0.0	0.2	0.0	
8	-0.7	-0.5	-0.8	-0.8	-0.4	-1.0	-0.6	0.0	-0.4	
9	-0.6	-0.9	-0.7	-0.6	-0.7	-0.7	-0.5	-0.9	0.0	

Median Skew
1	0.0	1.3	1.2	1.2	1.6	1.2	1.4	1.5	1.2	
2	-0.1	0.0	0.5	0.6	0.4	0.7	0.7	1.0	1.9	
3	0.1	0.1	0.0	0.3	0.7	0.3	0.5	1.7	1.4	
4	-0.0	0.0	0.0	0.0	0.6	0.4	0.3	1.7	1.3	
5	-0.4	0.0	-0.1	-0.2	0.0	0.9	0.7	0.8	1.3	
6	-0.1	-0.0	-0.0	-0.1	0.1	0.0	0.5	2.0	1.3	
7	-0.1	0.1	-0.0	-0.0	0.2	0.0	0.0	1.2	1.1	
8	-0.4	-0.1	-0.6	-0.7	-0.0	-0.7	-0.4	0.0	1.9	
9	-0.2	0.4	-0.1	-0.2	0.5	0.3	-0.0	0.9	0.0	

Fraction of 1 RT Decile Peps In Common
1	0.00	0.83	0.84	1.05	0.82	1.04	1.06	0.79	1.06		0.94
2	1.19	0.00	1.10	1.11	1.09	1.11	1.12	0.93	1.11		1.10
3	1.05	0.88	0.00	1.09	0.89	1.04	1.12	0.89	1.11		1.01
4	1.16	0.89	0.91	0.00	0.88	1.07	1.09	0.85	1.10		0.99
5	1.18	1.09	1.11	1.10	0.00	1.10	1.11	0.89	1.09		1.08
6	1.04	0.78	0.87	1.07	0.77	0.00	1.09	0.85	1.07		0.94
7	1.17	0.90	0.93	1.09	0.89	1.09	0.00	0.86	1.14		1.01
8	1.01	0.93	1.00	1.06	0.89	1.06	1.08	0.00	1.06		1.01
9	1.17	0.89	0.93	1.10	0.87	1.07	1.14	0.85	0.00		1.00
Avg	1.12	0.90	0.96	1.09	0.89	1.07	1.10	0.86	1.09	

Fraction of 2 RT Decile Peps In Common
1	0.00	0.71	1.05	0.95	0.82	0.94	0.96	0.90	0.96		0.91
2	0.95	0.00	0.88	1.00	1.09	0.89	1.01	1.16	1.00		1.00
3	0.95	0.66	0.00	0.91	0.78	0.96	0.93	0.78	0.93		0.86
4	0.95	0.78	1.00	0.00	0.88	0.98	1.00	1.06	1.10		0.97
5	0.94	0.98	0.89	0.99	0.00	0.88	1.00	1.11	0.98		0.97
6	1.04	0.78	1.04	0.98	0.88	0.00	1.00	0.96	1.07		0.97
7	0.96	0.67	1.03	1.00	0.78	1.00	0.00	0.97	1.05		0.93
8	1.01	0.70	0.78	0.96	0.89	0.96	1.08	0.00	0.96		0.92
9	0.96	0.67	1.11	1.01	0.76	1.07	1.05	0.96	0.00		0.95
Avg	0.97	0.74	0.97	0.97	0.86	0.96	1.00	0.99	1.00	

Fraction of 3 RT Decile Peps In Common
1	0.00	0.95	1.05	1.05	0.94	1.04	1.06	1.12	1.06		1.04
2	1.19	0.00	1.10	1.11	1.09	1.11	1.12	1.16	1.11		1.12
3	0.95	0.77	0.00	1.09	0.78	1.04	1.03	1.00	1.11		0.97
4	0.84	0.78	1.09	0.00	0.77	1.07	1.00	0.85	1.01		0.93
5	1.18	1.09	1.11	1.10	0.00	1.10	1.11	1.11	1.09		1.11
6	0.83	0.78	1.04	1.07	0.77	0.00	1.00	0.85	0.98		0.92
7	0.85	0.90	1.03	1.00	0.89	1.00	0.00	0.97	0.95		0.95
8	1.01	1.05	1.00	1.06	1.00	0.96	0.97	0.00	1.06		1.01
9	0.85	0.89	1.02	1.10	0.87	0.98	0.95	0.96	0.00		0.95
Avg	0.96	0.90	1.06	1.07	0.89	1.04	1.03	1.00	1.05	

Fraction of 4 RT Decile Peps In Common
1	0.00	1.07	1.05	0.95	1.06	1.04	0.96	1.01	1.06		1.03
2	1.07	0.00	0.99	1.00	1.09	1.00	1.01	1.05	1.11		1.04
3	1.16	1.10	0.00	1.00	1.11	1.04	1.03	1.11	1.11		1.08
4	1.16	1.11	1.09	0.00	1.10	1.07	1.09	1.17	1.10		1.11
5	0.94	0.98	0.89	0.88	0.00	0.88	0.89	0.89	0.98		0.92
6	1.04	0.89	0.96	0.89	0.88	0.00	0.91	1.06	1.07		0.96
7	1.17	1.12	1.12	1.09	1.11	1.09	0.00	1.18	1.14		1.13
8	1.01	1.05	1.00	0.96	1.00	1.06	0.97	0.00	1.06		1.01
9	1.06	0.89	1.02	0.92	0.87	1.07	0.95	1.06	0.00		0.98
Avg	1.08	1.03	1.01	0.96	1.03	1.03	0.98	1.07	1.08	

Fraction of 5 RT Decile Peps In Common
1	0.00	1.19	1.05	1.05	1.18	1.04	1.06	1.12	1.06		1.10
2	1.07	0.00	1.10	1.11	1.09	1.11	1.12	1.16	1.11		1.11
3	1.05	1.21	0.00	1.00	1.22	1.04	1.03	1.22	1.02		1.10
4	1.16	1.33	1.09	0.00	1.32	1.07	1.09	1.28	1.10		1.18
5	1.06	1.09	1.11	1.10	0.00	1.10	1.11	1.11	1.09		1.10
6	1.04	1.22	1.04	0.98	1.21	0.00	1.00	1.17	0.98		1.08
7	1.17	1.35	1.12	1.09	1.33	1.09	0.00	1.29	1.14		1.20
8	1.01	1.16	1.11	1.06	1.11	1.06	1.08	0.00	1.06		1.08
9	1.06	1.33	1.02	1.01	1.30	0.98	1.05	1.06	0.00		1.10
Avg	1.08	1.24	1.08	1.05	1.22	1.06	1.07	1.18	1.07	

Fraction of 6 RT Decile Peps In Common
1	0.00	1.07	1.05	1.05	1.06	1.04	1.06	1.01	0.96		1.04
2	0.95	0.00	1.10	1.11	0.98	1.11	1.12	0.93	1.11		1.05
3	0.95	0.99	0.00	1.00	1.00	1.04	1.03	0.89	0.93		0.98
4	1.05	1.11	1.09	0.00	0.99	1.07	1.00	0.85	1.01		1.02
5	0.94	1.09	1.11	1.10	0.00	1.10	1.11	1.00	1.09		1.07
6	0.94	1.00	1.04	0.98	0.99	0.00	1.00	0.85	0.89		0.96
7	1.06	1.12	1.12	1.00	1.00	1.09	0.00	0.86	0.95		1.03
8	1.12	1.16	1.11	1.06	1.11	1.06	1.08	0.00	1.06		1.10
9	1.06	1.22	1.11	1.10	1.20	1.07	1.05	1.17	0.00		1.12
Avg	1.01	1.10	1.09	1.05	1.04	1.07	1.06	0.95	1.00	

Fraction of 7 RT Decile Peps In Common
1	0.00	1.07	1.05	1.05	0.94	1.04	1.06	0.90	0.96		1.01
2	0.95	0.00	1.10	1.00	1.09	1.11	1.01	1.05	1.00		1.04
3	1.05	1.21	0.00	1.00	1.11	1.04	1.03	1.00	1.02		1.06
4	0.95	1.11	1.09	0.00	1.10	1.07	1.09	1.06	0.92		1.05
5	0.94	0.98	1.00	0.99	0.00	0.99	1.00	1.00	0.87		0.97
6	1.15	1.22	1.04	1.07	1.10	0.00	1.09	1.06	0.98		1.09
7	0.96	1.12	1.12	1.09	1.11	1.09	0.00	1.08	0.95		1.07
8	0.90	1.16	1.11	1.06	1.11	1.06	1.08	0.00	0.96		1.06
9	1.06	1.22	1.11	1.10	1.09	1.07	1.14	1.06	0.00		1.11
Avg	0.99	1.14	1.08	1.05	1.08	1.06	1.06	1.03	0.96	

Fraction of 8 RT Decile Peps In Common
1	0.00	1.19	1.05	1.05	1.18	1.04	1.06	1.12	0.96		1.08
2	0.95	0.00	1.10	1.11	1.09	1.11	1.01	1.05	1.00		1.05
3	0.84	1.10	0.00	1.09	1.11	1.04	1.12	1.11	0.93		1.04
4	0.95	1.11	1.09	0.00	1.10	1.07	1.09	1.06	1.01		1.06
5	0.71	0.98	1.00	0.88	0.00	0.99	0.89	0.89	0.87		0.90
6	0.73	1.11	1.04	0.98	1.10	0.00	1.00	0.96	0.89		0.98
7	0.96	1.12	1.12	1.09	1.11	1.09	0.00	1.08	1.05		1.08
8	0.90	1.05	1.00	0.96	1.11	0.96	0.97	0.00	0.85		0.97
9	0.85	1.11	1.11	1.01	1.09	1.07	1.05	0.96	0.00		1.03
Avg	0.86	1.10	1.06	1.02	1.11	1.05	1.02	1.03	0.94	

Fraction of 9 RT Decile Peps In Common
1	0.00	1.07	1.05	1.05	1.06	1.04	0.96	1.12	1.06		1.05
2	1.19	0.00	1.10	1.11	1.09	1.11	1.12	1.16	1.11		1.12
3	1.05	1.10	0.00	1.00	1.11	1.04	0.93	1.11	1.11		1.06
4	1.16	1.22	1.09	0.00	1.21	0.98	0.91	1.17	1.01		1.09
5	1.18	1.09	1.11	1.10	0.00	1.10	1.00	1.11	1.09		1.10
6	1.04	1.11	1.04	0.98	1.10	0.00	0.91	1.06	1.07		1.04
7	1.28	1.35	1.12	1.09	1.33	1.09	0.00	1.29	1.14		1.21
8	1.12	0.93	1.11	1.06	0.89	1.06	0.97	0.00	1.06		1.03
9	1.06	1.11	1.02	0.92	1.09	0.98	0.86	1.06	0.00		1.01
Avg	1.14	1.12	1.08	1.04	1.11	1.05	0.96	1.14	1.08	

Fraction of 10 RT Decile Peps In Common
1	0.00	0.83	0.74	0.74	0.94	0.73	0.74	0.90	0.85		0.81
2	0.48	0.00	0.44	0.33	0.33	0.33	0.34	0.35	0.33		0.37
3	0.95	0.99	0.00	0.82	0.89	0.70	0.75	0.89	0.74		0.84
4	0.63	0.56	0.45	0.00	0.66	0.54	0.64	0.64	0.64		0.59
5	0.94	0.65	0.67	0.77	0.00	0.77	0.78	0.89	0.87		0.79
6	1.15	1.11	0.87	0.98	1.21	0.00	1.00	1.17	0.98		1.06
7	0.43	0.34	0.28	0.45	0.44	0.36	0.00	0.43	0.48		0.40
8	0.90	0.81	0.78	0.74	0.89	0.74	0.75	0.00	0.85		0.81
9	0.85	0.67	0.56	0.73	0.87	0.63	0.76	0.85	0.00		0.74
Avg	0.79	0.74	0.60	0.70	0.78	0.60	0.72	0.76	0.72	

End Interrun and Decile Results

Ab Deviation vs Difference in Run Order
Lab 1	1	2	3	4	5	6	7	8	
AvgDel	1.84	1.76	1.34	1.93	1.78	1.52	1.97	1.60	
MedDel	1.95	1.92	1.40	1.99	2.02	1.48	2.10	1.60	
Diff1	2.11	2.02	1.28	1.89	1.95	1.30	1.92	2.23	
Diff2	1.50	1.97	1.92	1.36	1.97	2.13	1.44	
Diff3	1.43	1.16	1.37	1.26	1.40	1.44	
Diff4	1.94	2.20	1.34	1.99	2.16	

Median RT Rank vs Difference in Run Order
Ab Deviation vs Difference in Run Order - 
AvgDel	1.21	1.15	1.19	1.23	1.28	1.28	1.29	1.36	
MedDel	1.20	1.10	1.14	1.16	1.36	1.16	1.49	1.36	
Diff1	1.67	1.10	1.36	1.01	1.13	0.96	1.20	1.27	
Diff2	1.25	1.15	1.38	1.10	1.04	1.10	1.03	
Diff3	1.48	0.83	1.14	1.02	1.67	0.99	
Diff4	1.61	1.07	1.32	1.16	1.00	


Begin Runseries Results

Begin Series=1

Files Analyzed (9)
1	BSA_20_nanospray_100611022146_100614163253.RAW.MGF.TSV
2	BSA_30_nanospray_100611032003_100614191616.RAW.MGF.TSV
3	BSA_100_nanospray_100611041820.RAW.MGF.TSV
4	BSA_20_nanospray_100611022146_100615004238.RAW.MGF.TSV
5	BSA_30_nanospray_100611032003_100615032548.RAW.MGF.TSV
6	BSA_100_nanospray_100611041820_100615060859.RAW.MGF.TSV
7	BSA_20_nanospray_100611022146_100615085209.RAW.MGF.TSV
8	BSA_30_nanospray_100611032003_100615113520.RAW.MGF.TSV
9	BSA_100_nanospray_100611041820_100615141830.RAW.MGF.TSV

Run Number	1	2	3	4	5	6	7	8	9	

Spectrum Counts
MS2 Scans	8560	8512	8533	8513	8528	8504	8510	8464	8476	
MS1 Scans/Full	2141	2129	2135	2130	2133	2127	2135	2117	2120	
MS1 Scans/Other	0	0	0	0	0	0	0	0	0	

First and Last MS1 RT (min)
First MS1	2.00	2.00	2.00	2.00	2.00	2.00	2.00	2.00	2.00	
Last MS1 	147.95	147.97	147.94	147.95	147.99	147.98	147.96	147.96	147.94	

Tryptic Peptide Counts
Peptides  	85	77	89	87	81	87	86	85	88	
Ions    	169	140	169	174	151	180	173	167	181	
Identifications	791	690	957	990	766	1105	1082	853	1129	
Abundance Pct	99.75	99.77	99.60	99.67	99.73	99.60	99.66	99.77	99.44	
Abundance/1000	4427443	1819353	3461676	3972147	2296635	5766313	5195511	4190541	6961869	
Ions/Peptide	1.99	1.82	1.90	2.00	1.86	2.07	2.01	1.96	2.06	
IDs/Peptide	9.31	8.96	10.75	11.38	9.46	12.70	12.58	10.04	12.83	

Peptide Counts
Peptides  	99	94	119	115	98	119	113	99	117	
Ions    	185	159	202	205	171	215	203	183	212	
Identifications	824	728	1027	1052	806	1180	1145	888	1191	
Semi/Tryp Peps	0.165	0.221	0.337	0.322	0.210	0.368	0.314	0.165	0.330	
Semi/Tryp Cnts	0.042	0.055	0.073	0.063	0.052	0.068	0.058	0.041	0.055	
Semi/Tryp Abund	0.002	0.002	0.004	0.003	0.003	0.004	0.003	0.002	0.006	
Miss/Tryp Peps	0.694	0.753	0.730	0.770	0.753	0.759	0.756	0.706	0.739	
Miss/Tryp Cnts	0.665	0.725	0.642	0.665	0.709	0.625	0.648	0.714	0.654	
Miss/Tryp Abund	0.621	0.727	0.615	0.615	0.722	0.564	0.589	0.693	0.536	
Net Oversample	9.69	9.45	11.54	12.09	9.95	13.56	13.31	10.45	13.53	
Ions/Peptide	1.87	1.69	1.70	1.78	1.74	1.81	1.80	1.85	1.81	
IDs/Peptide	8.32	7.74	8.63	9.15	8.22	9.92	10.13	8.97	10.18	

Middle Peptide Retention Time Period (min)
Half Period	36.58	32.19	35.37	39.73	35.74	33.78	36.72	38.99	36.63	
Start Time	26.76	31.89	26.19	24.82	31.78	27.24	25.15	28.75	26.05	
Mid Time	42.95	43.51	42.05	42.19	43.48	41.61	40.58	43.78	40.92	
Qratio Time	1.26	1.77	1.23	1.29	2.05	1.35	1.38	1.59	1.46	
MS2 scans	2076	1832	2020	2255	2029	1920	2096	2198	2086	
MS1 Scans	552	540	574	610	603	666	710	620	727	
Pep ID Rate	1.35	1.46	1.68	1.45	1.37	1.76	1.54	1.27	1.60	
ID Rate 	10.85	9.88	12.67	12.44	9.91	12.37	12.01	10.10	12.48	
ID Efficiency	0.19	0.17	0.22	0.22	0.17	0.22	0.21	0.18	0.22	

MS1 During Middle (and Early) Peptide Retention Period
S/N Median	928.6	829.4	1103.9	1151.5	854.2	1347.9	1430.9	1060.4	1079.7	
TIC Median/1000	152625	93723	121849	130698	105800	169795	197054	180038	255172	
Npeaks Median	1290	949	966	1054	1019	1098	1225	1476	1430	
Scan-to-Scan	1.054	1.045	1.051	1.050	1.042	1.148	1.045	1.046	1.055	
S2S-3Q/Med	1.626	1.664	1.814	1.708	1.809	2.207	2.068	1.803	1.830	
S2S-1Qrt/Med	0.884	0.905	0.996	0.992	0.880	0.380	0.811	0.659	0.690	
S2S-2Qrt/Med	1.154	1.259	1.313	1.068	1.365	0.859	1.175	1.097	1.246	
S2S-3Qrt/Med	0.899	0.802	0.856	0.943	0.819	1.219	0.824	0.928	0.972	
S2S-4Qrt/Med	0.697	0.873	2.576	1.966	0.699	0.766	0.359	0.804	0.462	
ESI Off Middle	0.000	0.000	0.000	0.000	0.000	0.000	0.000	0.000	0.000	
ESI Off Early	0.000	0.000	0.000	0.000	0.000	0.000	0.000	0.000	0.000	
Max MS1 Jump	1.86	1.50	26.37	9.42	1.64	2.41	2.00	1.59	3.19	
Max MS1 Fall	1.15	1.46	25.38	5.18	1.35	2.56	2.07	1.94	1.92	
MS1 Jumps >10x	0	0	1	0	0	0	0	0	0	
MS1 Falls >10x	0	0	1	0	0	0	0	0	0	

MS1 Total Ion Current For Different RT Periods
1st Quart ID	0.16	0.19	0.18	0.19	0.17	0.19	0.17	0.19	0.13	
Middle ID	0.53	0.49	0.55	0.58	0.53	0.66	0.64	0.66	0.77	
Last ID Quart	0.92	0.92	0.94	0.98	0.93	0.98	0.98	0.99	0.99	
To End of Run	0.08	0.08	0.06	0.02	0.07	0.02	0.02	0.01	0.01	

Total Ion Current For IDs at Peak Maxima
Med TIC ID/1000	225768	108225	142045	147772	119645	192843	238522	192842	265979	
InterQ TIC	3.81	2.80	3.06	3.60	3.20	3.72	2.92	3.01	3.94	
Mid InterQ TIC	3.81	2.80	3.06	3.60	3.20	3.72	2.92	3.01	3.94	

Precursor m/z for IDs
Median  	705.30	643.27	658.32	674.00	643.27	658.32	682.35	673.99	667.34	
Half Width	346.61	317.69	310.16	310.80	309.02	319.18	324.12	332.14	324.86	
Quart Ratio	1.671	1.620	1.593	1.595	1.604	1.615	1.631	1.649	1.626	
Precursor Min	303.1	313.2	313.2	303.0	303.0	303.0	303.0	302.9	303.1	
Precursor Max	1419.7	1163.6	1246.6	1246.6	1246.6	1419.7	1246.6	1419.7	1479.8	
Med @ Q1 TIC	734.4	689.4	653.8	710.4	689.4	717.6	710.4	674.0	717.6	
Med @ Q4 TIC	706.6	643.3	700.3	651.8	649.9	649.9	639.6	721.0	649.9	
Med @ Q1 RT	582.3	551.8	567.8	567.8	529.2	605.6	625.3	551.8	561.2	
Med @ Q4 RT	831.4	746.0	784.4	746.4	738.1	738.1	756.4	767.7	767.7	
Med Charge +1	951.5	764.4	900.5	948.5	764.4	927.5	927.5	948.5	948.5	
Med Charge +2	734.4	710.4	708.3	722.3	710.4	722.8	731.9	720.4	722.8	
Med Charge +3	643.3	634.0	634.0	634.0	634.0	634.0	636.6	634.6	627.6	
Med Charge +4	637.6	631.8	637.6	637.3	631.8	631.8	631.8	637.3	636.0	

Number of Ions vs Charge
Charge +1	15	16	20	19	16	22	19	17	24	
Charge +2	60	38	64	66	46	69	64	51	65	
Charge +3	58	56	67	68	58	69	65	60	68	
Charge +4	45	43	44	43	43	46	46	46	46	
Charge +5	7	6	7	9	8	9	9	9	9	

Averages vs RT for IDed Peptides
Length Q1	13.30	13.82	13.25	12.69	13.21	13.07	13.63	13.30	13.11	
Length Q4	20.76	19.54	19.10	18.61	19.02	18.30	18.62	20.04	18.55	
Charge Q1	2.72	3.05	2.76	2.65	2.93	2.67	2.71	2.80	2.75	
Charge Q4	3.22	3.08	3.00	3.04	3.12	3.04	3.08	3.20	3.00	

Precursor m/z - Peptide Ion m/z (+2 Charge Only, Reject >0.45 m/z)
Spectra 	281	188	317	303	209	373	322	237	356	
Median  	-0.0018	-0.0019	-0.0027	-0.0026	-0.0024	-0.0030	-0.0028	-0.0019	-0.0029	
Mean Absolute	0.0098	0.0084	0.0085	0.0108	0.0054	0.0131	0.0182	0.0074	0.0126	
ppm Median	-2.85	-3.59	-3.59	-3.62	-3.48	-3.78	-3.43	-2.88	-3.44	
ppm InterQ	5.48	5.77	5.65	5.31	5.76	6.02	5.34	6.52	5.67	

Ion IDs by Charge State (Relative to +2)
+2 Ion Count	60	38	64	66	46	69	64	51	65	
Charge +1	0.250	0.421	0.313	0.288	0.348	0.319	0.297	0.333	0.369	
Charge +2	1.000	1.000	1.000	1.000	1.000	1.000	1.000	1.000	1.000	
Charge +3	0.967	1.474	1.047	1.030	1.261	1.000	1.016	1.176	1.046	
Charge +4	0.750	1.132	0.688	0.652	0.935	0.667	0.719	0.902	0.708	

Average Peptide Lengths for Different Charge States
Charge +1	7.73	7.00	7.15	7.42	7.06	7.55	7.26	7.69	7.79	
Charge +2	12.17	11.92	11.78	11.89	11.93	11.91	12.03	11.96	12.00	
Charge +3	17.23	16.57	16.45	16.67	16.55	16.63	16.83	16.98	16.67	
Charge +4	21.91	21.14	22.02	21.81	21.12	21.37	21.22	21.96	21.72	

Average Peptide Lengths For Charge 2 for Different Numbers of Mobile Protons
NAA,Ch=2,MP=-1	13.00	11.00	12.57	12.57	11.14	12.90	12.67	12.50	13.00	
NAA,Ch=2,MP=0	13.30	13.64	13.32	12.77	13.65	13.08	12.88	12.91	13.32	
NAA,Ch=2,MP=1	11.08	11.06	10.77	11.10	11.00	10.90	11.25	10.78	10.70	
NAA,Ch=2,MP=2	9.50	9.50	9.75	10.67	9.50	9.33	10.67	9.50	10.25	

Numbers of Ion Ids at Different Charges with 1 Mobile Proton
Ch=1 MP=1	1	2	2	2	2	2	2	2	2	
Ch=2 MP=1	26	18	31	30	20	31	28	18	27	
Ch=3 MP=1	23	24	29	29	24	30	26	24	28	
Ch=4 MP=1	23	23	22	21	22	23	24	22	22	

Percent of IDs at Different Charges and Mobile Protons Relative to IDs with 1 Mobile Proton
Ch=1 MP=-1	200.0	0.0	50.0	100.0	0.0	200.0	100.0	100.0	200.0	
Ch=1 MP=0	1200.0	700.0	850.0	750.0	700.0	800.0	750.0	600.0	900.0	
Ch=1 MP=1	100.0	100.0	100.0	100.0	100.0	100.0	100.0	100.0	100.0	
Ch=2 MP=-1	34.6	22.2	22.6	23.3	35.0	32.3	32.1	44.4	33.3	
Ch=2 MP=0	88.5	77.8	71.0	86.7	85.0	80.6	85.7	127.8	92.6	
Ch=2 MP=1	100.0	100.0	100.0	100.0	100.0	100.0	100.0	100.0	100.0	
Ch=3 MP=-1	30.4	12.5	20.7	24.1	16.7	23.3	26.9	29.2	25.0	
Ch=3 MP=0	100.0	95.8	89.7	89.7	100.0	86.7	100.0	95.8	92.9	
Ch=3 MP=1	100.0	100.0	100.0	100.0	100.0	100.0	100.0	100.0	100.0	

Precursor m/z - Monoisotope Exact m/z
More Than 100	163	113	150	155	125	178	170	157	184	
Betw 100.0-50.0	17	27	32	37	29	27	22	18	21	
Betw 50.0-25.0	4	14	14	8	12	7	7	3	4	
Betw 25.0-12.5	1	2	5	3	5	3	4	5	2	
Betw 12.5-6.3	0	3	1	2	0	0	0	0	1	
Betw 6.3-3.1	0	0	0	0	0	0	0	0	0	
Betw 3.1-1.6	0	0	0	0	0	0	0	0	0	
Betw 1.6-0.8	0	0	0	0	0	0	0	0	0	
Top Half	6	4	5	6	5	5	6	6	9	
Next Half (2)	14	3	22	11	10	22	14	13	12	
Next Half (3)	28	23	24	36	16	27	33	25	35	
Next Half (4)	40	24	42	30	31	37	32	35	40	
Next Half (5)	36	29	28	37	29	47	46	38	51	
Next Half (6)	39	34	45	45	42	44	39	40	37	
Next Half (7)	16	25	21	28	24	23	21	18	20	
Next Half (8)	0	0	0	0	0	0	0	0	0	

MS2 ID Spectra
NPeaks Median	457	327	347	345	327	373	404	436	475	
NPeaks InterQ	1.99	2.09	2.34	2.21	2.04	2.21	2.16	1.96	2.04	
S/N Median	372.45	215.16	266.95	236.06	188.65	264.52	301.00	328.32	360.14	
S/N InterQ	5.42	6.77	6.56	7.01	5.22	5.74	6.32	5.88	5.53	
ID Score Median	0.784	0.749	0.765	0.764	0.760	0.774	0.782	0.765	0.782	
ID Score InterQ	0.222	0.170	0.192	0.194	0.184	0.190	0.180	0.201	0.231	
IDSc Med Q1Msmx	0.873	0.858	0.854	0.865	0.852	0.876	0.846	0.856	0.816	

MS1 ID Max
Median  	4722511	1610394	1852986	2215236	1546868	2984476	3126298	2816767	4887436	
Half Width	25332829	10533597	15865419	16672126	10081829	30753050	27073631	22004739	35029813	
Quart Ratio	28.79	58.13	57.39	58.94	50.30	74.86	76.02	43.02	55.54	
Median MidRT	7405167	4104601	4843572	6396357	3428579	6626569	8471245	5247216	9109291	
75/25 MidRT	19.8	44.0	39.9	28.5	35.0	41.3	33.5	26.4	24.5	
95/5 MidRT	329.8	512.2	595.4	926.3	623.0	766.2	653.5	270.5	519.4	
75/25 Pctile	28.8	58.1	57.4	58.9	50.3	74.9	76.0	43.0	55.5	
95/5 Pctile	727.4	1705.3	1335.1	4243.6	1441.2	2029.4	1726.6	1663.9	2609.0	

MS1 ID Abund at MS2 Acquisition
Median  	1316833	449907	570317	547560	529588	695994	999146	944172	1439167	
Half Width	3956146	1440674	2284643	2341914	1216172	3254110	3530922	3343463	4285284	
75/25 Pctile	8.1	9.4	10.6	9.9	7.4	11.7	10.5	9.0	9.5	
95/5 Pctile	246.3	335.9	249.8	628.6	295.7	369.6	306.7	484.7	330.2	

MS2 ID Abund Reported
Median  	16067	6709	8205	7576	6692	10104	12173	13569	15257	
Half Width	41546	14662	24468	27563	14892	32717	39527	33810	44257	
75/25 Pctile	7.4	6.1	7.6	8.2	5.6	8.0	9.0	6.9	7.3	
95/5 Pctile	156.4	172.0	274.4	339.7	191.2	355.3	285.2	310.7	258.3	

Max Peak Width for IDs (sec)
Median Value	175.98	175.50	166.86	180.60	171.78	188.82	187.08	187.20	186.48	
Third Quart	190.14	190.86	190.68	190.98	190.50	190.92	190.74	190.62	190.74	
Last Decile	192.30	192.60	192.24	192.48	192.12	192.84	192.48	192.54	192.36	

Peak Width at Half Height for IDs
Median Value	58.20	59.34	61.44	60.96	58.62	61.98	60.60	59.94	60.30	
Med Top Quart	59.70	64.62	65.16	65.76	62.46	65.70	63.66	63.84	60.60	
Med Top 16th	62.16	69.96	70.38	70.74	73.44	65.70	71.70	71.22	60.30	
Med Top 100	58.02	60.54	62.76	62.46	60.24	62.94	61.92	61.08	60.42	
Median Disper	11.76	15.60	16.68	16.86	17.94	20.52	15.60	15.72	15.96	
Med Quart Disp	9.18	11.28	11.94	18.78	14.40	12.78	13.74	13.02	13.20	
Med 16th Disp	7.38	10.20	20.28	22.50	14.34	18.06	19.14	20.94	12.90	
Med 100 Disp	10.56	15.30	12.06	13.74	17.34	16.50	13.20	12.42	14.34	
3Quart Value	65.70	68.70	71.34	71.22	71.46	73.86	70.14	69.06	70.26	
9Dec Value	77.88	77.52	82.08	82.26	81.06	83.04	82.44	86.28	88.02	
MS1 Interscan/s	3.98	3.58	3.70	3.91	3.56	3.04	3.10	3.77	3.02	
MS1 Scan/FWHM	14.64	16.59	16.62	15.60	16.49	20.37	19.53	15.88	19.95	
IDs Used  	178	137	187	189	150	194	185	163	198	

Peak Widths at Half Max over RT deciles for IDs
First Decile	62.34	60.36	63.12	54.72	73.20	64.92	61.92	43.32	61.26	
Median Value	60.48	59.52	65.10	64.98	54.78	61.62	63.48	59.94	61.08	
Last Decile	57.24	60.30	58.38	57.24	56.76	62.34	56.76	61.38	56.88	

Nearby Resampling of IDs - Oversampling Details
Repeated IDs	635	565	823	846	632	964	940	701	978	
Med RT Diff/s	4.98	5.52	6.60	9.30	6.48	11.76	9.06	6.12	8.70	
1Q RT Diff/s	3.84	3.96	4.02	4.14	4.08	4.08	4.08	3.96	4.02	
1Dec RT Diff/s	3.12	3.00	3.18	3.24	3.12	3.18	3.18	3.12	3.06	
Median dm/z	0.00	0.00	0.00	0.00	0.00	0.00	0.00	0.00	0.00	
Quart dm/z	0.00	0.00	0.00	0.00	0.00	0.00	0.00	0.00	0.00	

Wide RT Differences for IDs (> 4 min)
Peptides	38	34	51	47	35	53	57	35	51	
Spectra 	494	455	719	717	523	882	864	597	891	

Fraction of Repeat Peptide IDs with Divergent RT (RT vs RT-best ID) - Chromatographic 'Bleed'
- 4 min    	0.0121	0.0330	0.0428	0.0181	0.0124	0.0246	0.0376	0.0090	0.0160	
+ 4 min      	0.1262	0.1731	0.1957	0.2376	0.2333	0.2720	0.2699	0.2669	0.2981	

Early and Late RT Oversampling (Spectrum IDs/Unique Peptide IDs) - Chromatographic: Flow Through/Bleed
First Decile	1.009	1.054	1.517	0.795	0.949	1.108	1.066	0.901	0.942	
Last Decile	2.053	2.109	3.400	2.859	2.292	4.120	4.632	3.084	5.362	

Peptide Ion IDs by > 3 Spectra (Hi) vs  1-3 Spectra (Lo) - Extreme Oversampling
Pep Ions (Hi)	99	80	112	111	79	110	110	78	116	
Ratio Hi/Lo  	1.165	1.026	1.258	1.194	0.868	1.058	1.196	0.750	1.221	
Spec Cnts (Hi)	644	571	856	876	628	981	953	679	1004	
Ratio Hi/Lo	3.680	3.757	5.095	5.064	3.630	5.005	5.042	3.328	5.427	
Spec/Pep (Hi)	6.505	7.138	7.643	7.892	7.949	8.918	8.664	8.705	8.655	
Spec Cnt Excess	0.424	0.458	0.508	0.518	0.488	0.553	0.546	0.504	0.552	

Ratios of Peptide Ions IDed by Different Numbers of Spectra - Oversampling Measure
Once/Twice	0.09	0.18	0.22	0.25	0.20	0.27	0.11	0.23	0.26	
Twice/Thrice	6.18	8.57	13.80	11.50	9.86	7.30	5.46	5.69	5.50	

Single Spectrum Peptide Ion Identifications - Oversampling Measure
Peptide Ions	6	11	15	17	14	20	8	17	17	
Fract >1 Ions	0.97	0.93	0.93	0.92	0.92	0.91	0.96	0.91	0.92	
1 vs >1 PepIon	0.03	0.07	0.08	0.09	0.09	0.10	0.04	0.10	0.09	
1 vs >1 Spec	0.01	0.02	0.01	0.02	0.02	0.02	0.01	0.02	0.01	

MS1max/MS1sampled Abundance Ratio IDs - Inefficient Sampling
Median All IDs	2.31	2.19	2.44	2.74	2.37	3.46	2.25	2.12	2.40	
3Q All IDs	8.59	7.72	8.07	9.23	7.97	9.62	8.62	6.38	8.24	
9Dec All IDs	14.04	17.98	14.54	14.27	16.27	16.52	14.79	12.63	13.38	
Med Top 100	6.71	4.61	6.28	7.79	4.23	8.77	7.88	4.49	7.56	
Med Top Dec	5.59	2.99	5.05	3.99	3.80	5.16	5.99	4.68	5.45	
Med Top Quart	7.54	4.88	5.19	4.68	4.23	8.48	6.26	6.17	6.96	
Med Bottom 1/2	1.48	1.42	1.49	1.43	1.32	1.76	1.35	1.37	1.39	

RT(MS1max)-RT(MS2) for IDs (sec) 
Med Diff Abs	25	24	28	31	22	33	31	25	29	
Median Diff	-5	-6	-15	-17	-4	-23	-19	-7	-21	
First Quart	-84	-81	-80	-80	-77	-79	-81	-75	-81	
Third Quart	14	15	14	10	15	14	12	15	13	

Ion Injection Times for IDs (ms)
MS1 Median	100	100	100	100	100	100	100	100	100	
MS1 Maximum	100	100	100	100	100	100	100	100	100	
MS2 Median	100.0	100.0	100.0	100.0	100.0	100.0	100.0	100.0	100.0	
MS2 Maximun	100.0	100.0	100.0	100.0	100.0	100.0	100.0	100.0	100.0	
MS2 Fract Max	0.797	0.880	0.866	0.863	0.891	0.826	0.814	0.820	0.802	

Relative Fraction of Peptides in Retention Decile Matching a Peptide in Other Runs
All Deciles	0.924	0.947	0.847	0.882	0.920	0.861	0.883	0.922	0.859	
First Decile	0.938	1.095	1.010	0.994	1.082	0.943	1.010	1.012	1.003	
Last Decile	0.809	0.366	0.840	0.594	0.792	1.059	0.401	0.809	0.739	
Comp to First	0.000	0.848	0.960	0.960	0.859	0.970	0.949	0.899	0.949	
Comp to Last	0.803	0.769	0.923	0.932	0.786	0.957	0.897	0.803	0.000	

Relative Uniqueness of Peptides in Decile Found Anywhere in Other Runs
First Decile	0.94	1.10	1.01	0.99	1.08	0.94	1.01	1.01	1.00	
Last Decile	0.81	0.37	0.84	0.59	0.79	1.06	0.40	0.81	0.74	

Differences in Elution Rank (Percent) of Matching Peptides in Other Runs
Average Diff	2.502	1.645	1.953	1.880	1.796	1.783	1.775	3.217	1.910	
Median Diff	1.485	1.160	1.265	1.128	1.157	1.066	1.055	1.439	1.127	
Comp to First	0.000	1.672	1.248	1.483	1.611	1.462	1.558	1.487	1.356	
Comp to Last	1.408	1.049	1.246	1.130	0.918	1.065	1.092	1.109	0.000	

Median Ratios of MS1 Intensities of Matching Peptides in Other Runs
Median Diff	1.656	1.887	1.652	1.589	1.799	1.646	1.584	1.898	1.755	
Median*2 Diff	2.400	3.082	2.491	2.310	2.887	2.486	2.336	2.910	2.895	
Comp to First	0.000	2.114	1.502	1.426	1.937	1.411	1.419	1.843	1.598	
Comp to Last	1.598	2.102	1.623	1.538	2.164	1.441	1.441	2.135	0.000	
Comp to First*2	0.000	3.084	2.328	1.910	3.038	1.961	1.855	2.690	2.331	
Comp to Last*2	2.331	4.126	2.311	2.200	3.855	2.231	2.204	3.904	0.000	

Uncorrected and RT Corrected Relative Intensities of Matching Peptides in Other Runs
Uncor rel First	0.000	0.000	0.000	0.000	0.000	0.000	0.000	0.000	0.000	
Uncor rel Last	0.000	0.000	0.000	0.000	0.000	0.000	0.000	0.000	0.000	
Corr rel First	0.000	0.000	0.000	0.000	0.000	0.000	0.000	0.000	0.000	
Corr rel Last	0.000	0.000	0.000	0.000	0.000	0.000	0.000	0.000	0.000	

Magnitude of RT Correction of Intensities of Matching Peptides in Other Runs
Comp to First	0.000	0.000	0.000	0.000	0.000	0.000	0.000	0.000	0.000	
Comp to Last	0.000	0.000	0.000	0.000	0.000	0.000	0.000	0.000	0.000	

Top Ion Abundance Measures
Top 10% Abund	2	1	2	2	1	2	2	1	2	
Top 25% Abund	6	3	5	5	3	5	5	4	5	
Top 50% Abund	15	11	14	15	10	15	15	12	16	
Fractab Top	0.067	0.121	0.082	0.066	0.108	0.076	0.062	0.108	0.065	
Fractab Top 10	0.390	0.497	0.412	0.408	0.510	0.413	0.403	0.458	0.385	
Fractab Top 100	0.979	0.996	0.986	0.985	0.994	0.983	0.987	0.990	0.978	

End Series=1

End Runseries Results
